"exercicio";"uo_cod";"uo_desc";"fonte_cod";"fonte_desc";"rp_cod";"rp_desc";"gnd_cod";"gnd_desc";"ploa";"loa";"loa_mais_credito";"empenhado";"liquidado";"pago"
2016;"20927";"Fundo de Imprensa Nacional";"150";"Recursos Próprios Não-Financeiros";"2";"Primária discricionária, não PAC, considerada no cálculo do RP";"4";"Investimentos";5e+05;5e+05;669312;669312;614010;614010
2016;"52921";"Fundo do Exército";"263";"Recursos Próprios Decorrentes da Alienação de Bens e Direitos do Patrimônio Público";"2";"Primária discricionária, não PAC, considerada no cálculo do RP";"4";"Investimentos";3472183;3472183;3472183;3474970;1838482;1812428
2016;"26298";"Fundo Nacional de Desenvolvimento da Educação";"112";"Recursos Destinados à Manutenção e Desenvolvimento do Ensino";"2";"Primária discricionária, não PAC, considerada no cálculo do RP";"4";"Investimentos";21550003;158452961;162048564;88880764;3373970;3373970
2016;"30907";"Fundo Penitenciário Nacional - FUNPEN";"174";"Taxas e Multas pelo Exercício do Poder de Polícia e Multas Provenientes de Processos Judiciais";"2";"Primária discricionária, não PAC, considerada no cálculo do RP";"3";"Outras Despesas Correntes";2730123;2730123;2730123;2e+06;0;0
2016;"36901";"Fundo Nacional de Saúde";"153";"Contribuição para Financiamento da Seguridade Social - COFINS";"2";"Primária discricionária, não PAC, considerada no cálculo do RP";"4";"Investimentos";0;111482522;81827911;25367031;0;0
2016;"01901";"Fundo Rotativo da Câmara dos Deputados";"150";"Recursos Próprios Não-Financeiros";"2";"Primária discricionária, não PAC, considerada no cálculo do RP";"4";"Investimentos";1e+05;60000;60000;20999;0;0
2016;"26298";"Fundo Nacional de Desenvolvimento da Educação";"153";"Contribuição para Financiamento da Seguridade Social - COFINS";"1";"Primária obrigatória, considerada no cálculo do RP";"1";"Pessoal e Encargos Sociais";0;0;8e+05;8e+05;8e+05;8e+05
2016;"74917";"Recursos sob Supervisão do Fundo de Desenvolvimento da Amazônia/FDA - Min Integração Nacional";"100";"Recursos Ordinários";"0";"Financeira";"5";"Inversões Financeiras";0;0;852859513;245034003;0;0
2016;"52921";"Fundo do Exército";"100";"Recursos Ordinários";"2";"Primária discricionária, não PAC, considerada no cálculo do RP";"3";"Outras Despesas Correntes";0;0;2601468;2600695;427750;368502
2016;"42902";"Fundo Nacional de Cultura";"150";"Recursos Próprios Não-Financeiros";"2";"Primária discricionária, não PAC, considerada no cálculo do RP";"3";"Outras Despesas Correntes";16061374;16061374;13025374;4987254;1559812;1559812
2016;"30907";"Fundo Penitenciário Nacional - FUNPEN";"118";"Contribuições sobre Concursos de Prognósticos";"2";"Primária discricionária, não PAC, considerada no cálculo do RP";"3";"Outras Despesas Correntes";50094418;50094418;177994418;58940180;21210302;21198968
2016;"36901";"Fundo Nacional de Saúde";"151";"Contribuição Social sobre o Lucro Líquido das Pessoas Jurídicas";"3";"Primária discricionária, PAC, considerada no cálculo do RP";"4";"Investimentos";0;1.22e+08;123860000;121998888;0;0
2016;"42902";"Fundo Nacional de Cultura";"180";"Recursos Próprios Financeiros";"2";"Primária discricionária, não PAC, considerada no cálculo do RP";"3";"Outras Despesas Correntes";2365526;2365526;2365526;2365526;0;0
2016;"36901";"Fundo Nacional de Saúde";"300";"Recursos Ordinários";"2";"Primária discricionária, não PAC, considerada no cálculo do RP";"3";"Outras Despesas Correntes";0;0;2e+07;2e+07;0;0
2016;"64902";"Fundo Nacional do Idoso - FNI";"100";"Recursos Ordinários";"2";"Primária discricionária, não PAC, considerada no cálculo do RP";"3";"Outras Despesas Correntes";485172;0;0;0;0;0
2016;"62901";"Fundo Nacional de Aviação Civil - FNAC";"280";"Recursos Próprios Financeiros";"2";"Primária discricionária, não PAC, considerada no cálculo do RP";"3";"Outras Despesas Correntes";12074052;12074052;10480370;4186953;1289000;1234611
2016;"24901";"Fundo Nacional de Desenvolvimento Científico e Tecnológico";"172";"Outras Contribuições Econômicas";"2";"Primária discricionária, não PAC, considerada no cálculo do RP";"4";"Investimentos";290621922;290621922;288775014;288403362;179785767;160010452
2016;"52931";"Fundo Naval";"281";"Recursos de Convênios";"2";"Primária discricionária, não PAC, considerada no cálculo do RP";"3";"Outras Despesas Correntes";0;0;414000;414000;156189;139914
2016;"71905";"Fundo de Garantia à Exportação - Recursos sob Supervisão do Ministério da Fazenda";"180";"Recursos Próprios Financeiros";"0";"Financeira";"9";"Reserva de Contingência";2392422092;2392422092;2392422092;0;0;0
2016;"33904";"Fundo do Regime Geral de Previdência Social";"100";"Recursos Ordinários";"1";"Primária obrigatória, considerada no cálculo do RP";"3";"Outras Despesas Correntes";10575741695;0;0;0;0;0
2016;"20927";"Fundo de Imprensa Nacional";"156";"Contribuição do Servidor para o Plano de Seguridade Social do Servidor Público";"1";"Primária obrigatória, considerada no cálculo do RP";"1";"Pessoal e Encargos Sociais";5996067;5996067;5996067;5996067;5714849;5714849
2016;"30912";"Fundo Nacional Antidrogas";"150";"Recursos Próprios Não-Financeiros";"2";"Primária discricionária, não PAC, considerada no cálculo do RP";"3";"Outras Despesas Correntes";15495799;15495799;8045213;7776258;3066749;3066749
2016;"20927";"Fundo de Imprensa Nacional";"150";"Recursos Próprios Não-Financeiros";"1";"Primária obrigatória, considerada no cálculo do RP";"1";"Pessoal e Encargos Sociais";22414417;22414417;22414417;22414417;22156013;22156013
2016;"22906";"Fundo de Defesa da Economia Cafeeira";"180";"Recursos Próprios Financeiros";"2";"Primária discricionária, não PAC, considerada no cálculo do RP";"3";"Outras Despesas Correntes";13772201;13172201;11743335;11490155;9980371;9978907
2016;"64901";"Fundo Nacional para a Criança e o Adolescente - FNCA";"118";"Contribuições sobre Concursos de Prognósticos";"2";"Primária discricionária, não PAC, considerada no cálculo do RP";"3";"Outras Despesas Correntes";49163;0;0;0;0;0
2016;"52921";"Fundo do Exército";"280";"Recursos Próprios Financeiros";"2";"Primária discricionária, não PAC, considerada no cálculo do RP";"4";"Investimentos";41529322;7181000;1000;998;0;0
2016;"52931";"Fundo Naval";"100";"Recursos Ordinários";"2";"Primária discricionária, não PAC, considerada no cálculo do RP";"4";"Investimentos";0;176585;176585;176555;1719;1719
2016;"33904";"Fundo do Regime Geral de Previdência Social";"154";"Recursos do Regime Geral de Previdência Social";"1";"Primária obrigatória, considerada no cálculo do RP";"3";"Outras Despesas Correntes";347373419665;0;0;0;0;0
2016;"52921";"Fundo do Exército";"250";"Recursos Próprios Não-Financeiros";"2";"Primária discricionária, não PAC, considerada no cálculo do RP";"4";"Investimentos";18072295;18072295;18072295;18066888;12541559;12466447
2016;"36901";"Fundo Nacional de Saúde";"300";"Recursos Ordinários";"6";"Primária discricionária, decorrente de emendas individuais, considerada no cálculo do RP";"3";"Outras Despesas Correntes";0;0;2850000;0;0;0
2016;"26298";"Fundo Nacional de Desenvolvimento da Educação";"118";"Contribuições sobre Concursos de Prognósticos";"1";"Primária obrigatória, considerada no cálculo do RP";"3";"Outras Despesas Correntes";1285018853;1285018853;1285018853;1280801944;1265028965;1264634147
2016;"71904";"Fundo de Estabilidade do Seguro Rural - Recursos sob Supervisão do Ministério da Fazenda";"150";"Recursos Próprios Não-Financeiros";"2";"Primária discricionária, não PAC, considerada no cálculo do RP";"3";"Outras Despesas Correntes";4940000;4940000;4940000;2940000;40937;40937
2016;"74918";"Recursos sob Supervisão do Fundo de Desenvolvimento do Nordeste/FDNE - Min Integração Nacional";"900";"Recursos Ordinários";"0";"Financeira";"5";"Inversões Financeiras";1594448592;1594448592;0;0;0;0
2016;"26298";"Fundo Nacional de Desenvolvimento da Educação";"900";"Recursos Ordinários";"1";"Primária obrigatória, considerada no cálculo do RP";"1";"Pessoal e Encargos Sociais";22797062;22797062;0;0;0;0
2016;"26298";"Fundo Nacional de Desenvolvimento da Educação";"113";"Contribuição do Salário-Educação";"1";"Primária obrigatória, considerada no cálculo do RP";"4";"Investimentos";2e+08;2e+08;316431720;314321018;204327833;204327833
2016;"55901";"Fundo Nacional de Assistência Social";"100";"Recursos Ordinários";"1";"Primária obrigatória, considerada no cálculo do RP";"3";"Outras Despesas Correntes";0;0;129158156;122411465;122395773;122395773
2016;"74915";"Recursos sob Supervisão do Fundo Constitucional de Financiamento do Nordeste/FNE - Min Integração Nacional";"101";"Transferências do Imposto sobre a Renda e sobre Produtos Industrializados";"0";"Financeira";"5";"Inversões Financeiras";4825851694;5124412586;7276629254;7276629254;7090462940;7090462940
2016;"44901";"Fundo Nacional de Meio Ambiente - FNMA";"174";"Taxas e Multas pelo Exercício do Poder de Polícia e Multas Provenientes de Processos Judiciais";"0";"Financeira";"9";"Reserva de Contingência";27620002;27620002;27620002;0;0;0
2016;"62901";"Fundo Nacional de Aviação Civil - FNAC";"186";"Outras Receitas Vinculadas";"3";"Primária discricionária, PAC, considerada no cálculo do RP";"5";"Inversões Financeiras";5.49e+08;478734468;480841461;450413461;417453344;417453344
2016;"26298";"Fundo Nacional de Desenvolvimento da Educação";"650";"Recursos Próprios Não-Financeiros";"2";"Primária discricionária, não PAC, considerada no cálculo do RP";"3";"Outras Despesas Correntes";0;0;22544252;22531715;11514620;11514620
2016;"52932";"Fundo de Desenvolvimento do Ensino Profissional Marítimo";"176";"Outras Contribuições Sociais";"2";"Primária discricionária, não PAC, considerada no cálculo do RP";"4";"Investimentos";6561593;6561593;973004;974401;592858;585640
2016;"26298";"Fundo Nacional de Desenvolvimento da Educação";"188";"Remuneração das Disponibilidades do Tesouro Nacional";"2";"Primária discricionária, não PAC, considerada no cálculo do RP";"4";"Investimentos";0;41910;41910;0;0;0
2016;"36901";"Fundo Nacional de Saúde";"157";"Receitas de Honorários de Advogados";"1";"Primária obrigatória, considerada no cálculo do RP";"1";"Pessoal e Encargos Sociais";0;0;538750;538750;538750;538750
2016;"24901";"Fundo Nacional de Desenvolvimento Científico e Tecnológico";"180";"Recursos Próprios Financeiros";"2";"Primária discricionária, não PAC, considerada no cálculo do RP";"3";"Outras Despesas Correntes";164923100;164923100;254846012;254579305;252442337;252333913
2016;"30907";"Fundo Penitenciário Nacional - FUNPEN";"100";"Recursos Ordinários";"6";"Primária discricionária, decorrente de emendas individuais, considerada no cálculo do RP";"3";"Outras Despesas Correntes";0;220000;220000;0;0;0
2016;"62901";"Fundo Nacional de Aviação Civil - FNAC";"129";"Recursos de Concessões e Permissões";"2";"Primária discricionária, não PAC, considerada no cálculo do RP";"5";"Inversões Financeiras";9e+07;9e+07;9e+07;9e+07;23500000;23500000
2016;"40904";"Fundo do Regime Geral de Previdência Social";"150";"Recursos Próprios Não-Financeiros";"1";"Primária obrigatória, considerada no cálculo do RP";"3";"Outras Despesas Correntes";0;18357724;30685874;12039634;12039634;11702223
2016;"30905";"Fundo de Defesa de Direitos Difusos";"180";"Recursos Próprios Financeiros";"2";"Primária discricionária, não PAC, considerada no cálculo do RP";"3";"Outras Despesas Correntes";432141;432141;432141;0;0;0
2016;"36901";"Fundo Nacional de Saúde";"186";"Outras Receitas Vinculadas";"1";"Primária obrigatória, considerada no cálculo do RP";"3";"Outras Despesas Correntes";4570600209;4570600209;4019689682;4018789765;4006699286;4003697799
2016;"44901";"Fundo Nacional de Meio Ambiente - FNMA";"174";"Taxas e Multas pelo Exercício do Poder de Polícia e Multas Provenientes de Processos Judiciais";"2";"Primária discricionária, não PAC, considerada no cálculo do RP";"3";"Outras Despesas Correntes";3598643;3598643;3598643;3078797;694276;694276
2016;"25913";"Fundo Especial de Treinamento e Desenvolvimento";"100";"Recursos Ordinários";"2";"Primária discricionária, não PAC, considerada no cálculo do RP";"4";"Investimentos";8e+05;769630;569630;569630;367177;367177
2016;"36901";"Fundo Nacional de Saúde";"144";"Títulos de Responsabilidade do Tesouro Nacional - Outras Aplicações";"1";"Primária obrigatória, considerada no cálculo do RP";"3";"Outras Despesas Correntes";52218376612;0;0;0;0;0
2016;"40901";"Fundo de Amparo ao Trabalhador";"176";"Outras Contribuições Sociais";"2";"Primária discricionária, não PAC, considerada no cálculo do RP";"4";"Investimentos";0;40678433;32726174;31288398;21338287;21338287
2016;"39901";"Fundo da Marinha Mercante - FMM";"180";"Recursos Próprios Financeiros";"1";"Primária obrigatória, considerada no cálculo do RP";"3";"Outras Despesas Correntes";2.2e+08;2.2e+08;2.2e+08;219993436;219993436;219993436
2016;"56902";"Fundo Nacional de Habitação de Interesse Social - FNHIS";"188";"Remuneração das Disponibilidades do Tesouro Nacional";"2";"Primária discricionária, não PAC, considerada no cálculo do RP";"4";"Investimentos";0;7663704;7663704;0;0;0
2016;"44901";"Fundo Nacional de Meio Ambiente - FNMA";"196";"Doações de Pessoas Físicas e Instituições Públicas e Privadas Nacionais";"2";"Primária discricionária, não PAC, considerada no cálculo do RP";"3";"Outras Despesas Correntes";4.8e+07;4.8e+07;32811000;0;0;0
2016;"55901";"Fundo Nacional de Assistência Social";"151";"Contribuição Social sobre o Lucro Líquido das Pessoas Jurídicas";"2";"Primária discricionária, não PAC, considerada no cálculo do RP";"4";"Investimentos";0;2e+06;7100000;5008750;0;0
2016;"40901";"Fundo de Amparo ao Trabalhador";"180";"Recursos Próprios Financeiros";"2";"Primária discricionária, não PAC, considerada no cálculo do RP";"3";"Outras Despesas Correntes";0;112864340;112864340;100432056;27364304;27364304
2016;"62901";"Fundo Nacional de Aviação Civil - FNAC";"280";"Recursos Próprios Financeiros";"2";"Primária discricionária, não PAC, considerada no cálculo do RP";"4";"Investimentos";6066399;6066399;6066399;2449624;293054;293054
2016;"56901";"Fundo Nacional de Segurança e Educação do Trânsito - FUNSET";"150";"Recursos Próprios Não-Financeiros";"0";"Financeira";"9";"Reserva de Contingência";742885;742885;742885;0;0;0
2016;"57902";"Fundo Nacional do Idoso - FNI";"396";"Doações de Pessoas Físicas e Instituições Públicas e Privadas Nacionais";"2";"Primária discricionária, não PAC, considerada no cálculo do RP";"4";"Investimentos";0;0;4124415;3892566;0;0
2016;"74910";"Recursos sob Supervisão do Fundo Nacional de Desenv. Científico e Tecnológico/FNDCT - Min Ciência e Tecnologia";"186";"Outras Receitas Vinculadas";"0";"Financeira";"5";"Inversões Financeiras";21978000;21978000;21978000;21978000;21978000;21978000
2016;"36901";"Fundo Nacional de Saúde";"100";"Recursos Ordinários";"1";"Primária obrigatória, considerada no cálculo do RP";"3";"Outras Despesas Correntes";2459593597;2459593597;3626170194;3625023583;3279597034;3268801869
2016;"39901";"Fundo da Marinha Mercante - FMM";"180";"Recursos Próprios Financeiros";"0";"Financeira";"9";"Reserva de Contingência";0;4320;4320;0;0;0
2016;"25913";"Fundo Especial de Treinamento e Desenvolvimento";"100";"Recursos Ordinários";"2";"Primária discricionária, não PAC, considerada no cálculo do RP";"3";"Outras Despesas Correntes";28415290;25992857;25192857;24657092;23418550;23349930
2016;"40901";"Fundo de Amparo ao Trabalhador";"180";"Recursos Próprios Financeiros";"0";"Financeira";"9";"Reserva de Contingência";0;2400000;2400000;0;0;0
2016;"52902";"Fundo de Administração do Hospital das Forças Armadas";"100";"Recursos Ordinários";"1";"Primária obrigatória, considerada no cálculo do RP";"1";"Pessoal e Encargos Sociais";130886991;128105563;120100301;116741184;116730184;116730184
2016;"38901";"Fundo de Amparo ao Trabalhador";"174";"Taxas e Multas pelo Exercício do Poder de Polícia e Multas Provenientes de Processos Judiciais";"2";"Primária discricionária, não PAC, considerada no cálculo do RP";"4";"Investimentos";1034895;0;0;0;0;0
2016;"52902";"Fundo de Administração do Hospital das Forças Armadas";"100";"Recursos Ordinários";"2";"Primária discricionária, não PAC, considerada no cálculo do RP";"3";"Outras Despesas Correntes";43252849;39178342;40544571;39828325;37370494;37370494
2016;"36901";"Fundo Nacional de Saúde";"156";"Contribuição do Servidor para o Plano de Seguridade Social do Servidor Público";"1";"Primária obrigatória, considerada no cálculo do RP";"1";"Pessoal e Encargos Sociais";894738526;894738526;894738526;894733659;894733659;894733659
2016;"24901";"Fundo Nacional de Desenvolvimento Científico e Tecnológico";"172";"Outras Contribuições Econômicas";"2";"Primária discricionária, não PAC, considerada no cálculo do RP";"3";"Outras Despesas Correntes";533861756;483756383;440131455;433230346;354422609;318065328
2016;"55901";"Fundo Nacional de Assistência Social";"300";"Recursos Ordinários";"1";"Primária obrigatória, considerada no cálculo do RP";"3";"Outras Despesas Correntes";0;0;2751779659;2751779659;2751779659;2156853909
2016;"52931";"Fundo Naval";"280";"Recursos Próprios Financeiros";"2";"Primária discricionária, não PAC, considerada no cálculo do RP";"4";"Investimentos";35729858;35729858;19365820;19340032;14346537;10720108
2016;"30905";"Fundo de Defesa de Direitos Difusos";"180";"Recursos Próprios Financeiros";"0";"Financeira";"9";"Reserva de Contingência";2961315;2961315;2961315;0;0;0
2016;"56901";"Fundo Nacional de Segurança e Educação do Trânsito - FUNSET";"180";"Recursos Próprios Financeiros";"0";"Financeira";"9";"Reserva de Contingência";50236284;50236284;50236284;0;0;0
2016;"40901";"Fundo de Amparo ao Trabalhador";"900";"Recursos Ordinários";"1";"Primária obrigatória, considerada no cálculo do RP";"3";"Outras Despesas Correntes";0;14485990160;0;0;0;0
2016;"42902";"Fundo Nacional de Cultura";"100";"Recursos Ordinários";"2";"Primária discricionária, não PAC, considerada no cálculo do RP";"4";"Investimentos";0;11122686;11122686;0;0;0
2016;"73901";"Fundo Constitucional do Distrito Federal - FCDF";"188";"Remuneração das Disponibilidades do Tesouro Nacional";"2";"Primária discricionária, não PAC, considerada no cálculo do RP";"3";"Outras Despesas Correntes";0;441463;441463;0;0;0
2016;"40901";"Fundo de Amparo ao Trabalhador";"380";"Recursos Próprios Financeiros";"1";"Primária obrigatória, considerada no cálculo do RP";"3";"Outras Despesas Correntes";0;0;3.5e+09;3490508858;3490508858;3490508858
2016;"57901";"Fundo Nacional para a Criança e o Adolescente - FNCA";"118";"Contribuições sobre Concursos de Prognósticos";"2";"Primária discricionária, não PAC, considerada no cálculo do RP";"3";"Outras Despesas Correntes";0;49163;49163;0;0;0
2016;"36901";"Fundo Nacional de Saúde";"353";"Contribuição para Financiamento da Seguridade Social - COFINS";"2";"Primária discricionária, não PAC, considerada no cálculo do RP";"3";"Outras Despesas Correntes";0;0;141675044;141655334;141654940;141654940
2016;"74901";"Recursos sob Supervisão do Fundo de Defesa da Economia Cafeeira/Funcafé - MAPA";"150";"Recursos Próprios Não-Financeiros";"0";"Financeira";"5";"Inversões Financeiras";10259633;10259633;10259633;0;0;0
2016;"42902";"Fundo Nacional de Cultura";"130";"Contribuição para o Desenvolvimento da Indústria Cinematográfica Nacional";"2";"Primária discricionária, não PAC, considerada no cálculo do RP";"4";"Investimentos";8325413;8325413;9600000;9600000;0;0
2016;"36901";"Fundo Nacional de Saúde";"186";"Outras Receitas Vinculadas";"2";"Primária discricionária, não PAC, considerada no cálculo do RP";"4";"Investimentos";0;0;71129762;0;0;0
2016;"62901";"Fundo Nacional de Aviação Civil - FNAC";"100";"Recursos Ordinários";"3";"Primária discricionária, PAC, considerada no cálculo do RP";"5";"Inversões Financeiras";0;72203327;72203327;69803122;16307333;16307333
2016;"30911";"Fundo Nacional de Segurança Pública";"100";"Recursos Ordinários";"2";"Primária discricionária, não PAC, considerada no cálculo do RP";"4";"Investimentos";153845542;247694668;115218446;69811197;0;0
2016;"38901";"Fundo de Amparo ao Trabalhador";"176";"Outras Contribuições Sociais";"2";"Primária discricionária, não PAC, considerada no cálculo do RP";"4";"Investimentos";41678433;0;0;0;0;0
2016;"71901";"Fundo Contingente da Extinta RFFSA - Recursos sob Supervisão do Ministério da Fazenda";"186";"Outras Receitas Vinculadas";"0";"Financeira";"9";"Reserva de Contingência";238985025;238985025;238985025;0;0;0
2016;"74914";"Recursos sob Supervisão do Fundo Constitucional de Financiamento do Centro-Oeste/FCO - Min Integração Nacional";"101";"Transferências do Imposto sobre a Renda e sobre Produtos Industrializados";"0";"Financeira";"5";"Inversões Financeiras";1608617233;1708137530;2425543085;2425543085;2363487633;2363487633
2016;"36901";"Fundo Nacional de Saúde";"151";"Contribuição Social sobre o Lucro Líquido das Pessoas Jurídicas";"3";"Primária discricionária, PAC, considerada no cálculo do RP";"3";"Outras Despesas Correntes";0;1.5e+08;1.5e+08;149950542;0;0
2016;"30907";"Fundo Penitenciário Nacional - FUNPEN";"374";"Taxas e Multas pelo Exercício do Poder de Polícia e Multas Provenientes de Processos Judiciais";"2";"Primária discricionária, não PAC, considerada no cálculo do RP";"4";"Investimentos";0;0;7558400;0;0;0
2016;"30907";"Fundo Penitenciário Nacional - FUNPEN";"118";"Contribuições sobre Concursos de Prognósticos";"2";"Primária discricionária, não PAC, considerada no cálculo do RP";"4";"Investimentos";99710000;99710000;222907623;114861162;26151478;26151478
2016;"74908";"Recursos sob Supervisão do Fundo Geral de Turismo/FUNGETUR - Ministério do Turismo";"280";"Recursos Próprios Financeiros";"0";"Financeira";"5";"Inversões Financeiras";51512266;51512266;51512266;51512266;0;0
2016;"41903";"Fundo para o Desenvolvimento Tecnológico das Telecomunicações - FUNTTEL";"172";"Outras Contribuições Econômicas";"0";"Financeira";"9";"Reserva de Contingência";98418656;98418656;98418656;0;0;0
2016;"30911";"Fundo Nacional de Segurança Pública";"100";"Recursos Ordinários";"2";"Primária discricionária, não PAC, considerada no cálculo do RP";"3";"Outras Despesas Correntes";251256725;223524055;256828533;205468935;186709841;186400128
2016;"30911";"Fundo Nacional de Segurança Pública";"300";"Recursos Ordinários";"6";"Primária discricionária, decorrente de emendas individuais, considerada no cálculo do RP";"3";"Outras Despesas Correntes";0;0;8e+05;0;0;0
2016;"36901";"Fundo Nacional de Saúde";"300";"Recursos Ordinários";"1";"Primária obrigatória, considerada no cálculo do RP";"3";"Outras Despesas Correntes";0;0;1.4e+08;139992658;132129020;132129020
2016;"30912";"Fundo Nacional Antidrogas";"100";"Recursos Ordinários";"6";"Primária discricionária, decorrente de emendas individuais, considerada no cálculo do RP";"3";"Outras Despesas Correntes";0;6923436;7145436;2844131;0;0
2016;"52911";"Fundo Aeronáutico";"281";"Recursos de Convênios";"2";"Primária discricionária, não PAC, considerada no cálculo do RP";"3";"Outras Despesas Correntes";11580505;11580505;11580505;6517518;3929360;3906132
2016;"20927";"Fundo de Imprensa Nacional";"169";"Contribuição Patronal para o Plano de Seguridade Social do Servidor Público";"1";"Primária obrigatória, considerada no cálculo do RP";"1";"Pessoal e Encargos Sociais";5159700;5159700;5159700;5159700;4989497;4989497
2016;"62901";"Fundo Nacional de Aviação Civil - FNAC";"129";"Recursos de Concessões e Permissões";"0";"Financeira";"9";"Reserva de Contingência";2586484055;15293691249;15440044907;0;0;0
2016;"40904";"Fundo do Regime Geral de Previdência Social";"154";"Recursos do Regime Geral de Previdência Social";"1";"Primária obrigatória, considerada no cálculo do RP";"3";"Outras Despesas Correntes";0;343998359665;324019953490;324017189333;323891142454;322474578062
2016;"36901";"Fundo Nacional de Saúde";"386";"Outras Receitas Vinculadas";"1";"Primária obrigatória, considerada no cálculo do RP";"3";"Outras Despesas Correntes";0;0;631717000;631296851;625838915;624250350
2016;"74902";"Recursos sob Supervisão do Fundo de Financiamento ao Estudante do Ensino Superior/FIEES - Min. da Educação";"280";"Recursos Próprios Financeiros";"2";"Primária discricionária, não PAC, considerada no cálculo do RP";"3";"Outras Despesas Correntes";0;0;97296581;0;0;0
2016;"36901";"Fundo Nacional de Saúde";"153";"Contribuição para Financiamento da Seguridade Social - COFINS";"1";"Primária obrigatória, considerada no cálculo do RP";"3";"Outras Despesas Correntes";0;54818376612;54887031223;54867619847;53556063712;53435481338
2016;"52921";"Fundo do Exército";"280";"Recursos Próprios Financeiros";"0";"Financeira";"9";"Reserva de Contingência";19333184;53681506;53681506;0;0;0
2016;"36901";"Fundo Nacional de Saúde";"100";"Recursos Ordinários";"3";"Primária discricionária, PAC, considerada no cálculo do RP";"4";"Investimentos";600630000;540567000;331967058;306643979;305267588;305267588
2016;"30907";"Fundo Penitenciário Nacional - FUNPEN";"180";"Recursos Próprios Financeiros";"2";"Primária discricionária, não PAC, considerada no cálculo do RP";"3";"Outras Despesas Correntes";53845517;53845517;198569818;148639276;125253778;125090806
2016;"01901";"Fundo Rotativo da Câmara dos Deputados";"150";"Recursos Próprios Não-Financeiros";"1";"Primária obrigatória, considerada no cálculo do RP";"3";"Outras Despesas Correntes";4200000;4200000;4200000;4200000;3930010;3930010
2016;"41903";"Fundo para o Desenvolvimento Tecnológico das Telecomunicações - FUNTTEL";"172";"Outras Contribuições Econômicas";"2";"Primária discricionária, não PAC, considerada no cálculo do RP";"3";"Outras Despesas Correntes";50400000;34323944;2.8e+07;27142849;21750078;21750078
2016;"38901";"Fundo de Amparo ao Trabalhador";"180";"Recursos Próprios Financeiros";"2";"Primária discricionária, não PAC, considerada no cálculo do RP";"3";"Outras Despesas Correntes";115264340;0;0;0;0;0
2016;"26298";"Fundo Nacional de Desenvolvimento da Educação";"112";"Recursos Destinados à Manutenção e Desenvolvimento do Ensino";"1";"Primária obrigatória, considerada no cálculo do RP";"3";"Outras Despesas Correntes";3744292718;3744292718;3744307718;3744292718;3262518039;3262518039
2016;"57902";"Fundo Nacional do Idoso - FNI";"100";"Recursos Ordinários";"2";"Primária discricionária, não PAC, considerada no cálculo do RP";"3";"Outras Despesas Correntes";0;485172;485172;0;0;0
2016;"74916";"Recursos sob Supervisão do Fundo Nacional sobre Mudança do Clima/FNMC - Ministério do Meio Ambiente";"280";"Recursos Próprios Financeiros";"0";"Financeira";"5";"Inversões Financeiras";22386881;22386881;22386881;22386881;0;0
2016;"71904";"Fundo de Estabilidade do Seguro Rural - Recursos sob Supervisão do Ministério da Fazenda";"150";"Recursos Próprios Não-Financeiros";"0";"Financeira";"9";"Reserva de Contingência";175116870;175116870;175116870;0;0;0
2016;"52902";"Fundo de Administração do Hospital das Forças Armadas";"100";"Recursos Ordinários";"2";"Primária discricionária, não PAC, considerada no cálculo do RP";"4";"Investimentos";4875832;4690734;5e+05;469670;121260;121260
2016;"74902";"Recursos sob Supervisão do Fundo de Financiamento ao Estudante do Ensino Superior/FIEES - Min. da Educação";"100";"Recursos Ordinários";"2";"Primária discricionária, não PAC, considerada no cálculo do RP";"3";"Outras Despesas Correntes";332761760;267822566;962330712;910627293;670439061;670439061
2016;"44901";"Fundo Nacional de Meio Ambiente - FNMA";"100";"Recursos Ordinários";"2";"Primária discricionária, não PAC, considerada no cálculo do RP";"3";"Outras Despesas Correntes";0;3531704;3531704;0;0;0
2016;"38901";"Fundo de Amparo ao Trabalhador";"900";"Recursos Ordinários";"1";"Primária obrigatória, considerada no cálculo do RP";"3";"Outras Despesas Correntes";14485990160;0;0;0;0;0
2016;"26298";"Fundo Nacional de Desenvolvimento da Educação";"112";"Recursos Destinados à Manutenção e Desenvolvimento do Ensino";"3";"Primária discricionária, PAC, considerada no cálculo do RP";"3";"Outras Despesas Correntes";0;24516129;0;0;0;0
2016;"40904";"Fundo do Regime Geral de Previdência Social";"900";"Recursos Ordinários";"1";"Primária obrigatória, considerada no cálculo do RP";"3";"Outras Despesas Correntes";0;39712906697;0;0;0;0
2016;"74912";"Recursos sob Supervisão do Fundo Nacional de Cultura";"118";"Contribuições sobre Concursos de Prognósticos";"0";"Financeira";"5";"Inversões Financeiras";2.7e+07;2.7e+07;2.7e+07;0;0;0
2016;"52911";"Fundo Aeronáutico";"250";"Recursos Próprios Não-Financeiros";"2";"Primária discricionária, não PAC, considerada no cálculo do RP";"5";"Inversões Financeiras";4850000;4850000;3286207;3228296;1038263;1038263
2016;"26298";"Fundo Nacional de Desenvolvimento da Educação";"100";"Recursos Ordinários";"2";"Primária discricionária, não PAC, considerada no cálculo do RP";"3";"Outras Despesas Correntes";9400000;40305064;189299356;185602824;89942644;89939816
2016;"71901";"Fundo Contingente da Extinta RFFSA - Recursos sob Supervisão do Ministério da Fazenda";"186";"Outras Receitas Vinculadas";"1";"Primária obrigatória, considerada no cálculo do RP";"1";"Pessoal e Encargos Sociais";1e+07;1e+07;1e+07;1758990;1758990;1758990
2016;"74902";"Recursos sob Supervisão do Fundo de Financiamento ao Estudante do Ensino Superior/FIEES - Min. da Educação";"100";"Recursos Ordinários";"2";"Primária discricionária, não PAC, considerada no cálculo do RP";"5";"Inversões Financeiras";3e+08;259896733;259896733;259896733;163840862;163840862
2016;"62901";"Fundo Nacional de Aviação Civil - FNAC";"280";"Recursos Próprios Financeiros";"3";"Primária discricionária, PAC, considerada no cálculo do RP";"5";"Inversões Financeiras";0;0;146353658;146353658;146353658;146353658
2016;"40904";"Fundo do Regime Geral de Previdência Social";"188";"Remuneração das Disponibilidades do Tesouro Nacional";"1";"Primária obrigatória, considerada no cálculo do RP";"3";"Outras Despesas Correntes";0;0;18673642555;18673642555;18673642555;18673642555
2016;"55901";"Fundo Nacional de Assistência Social";"150";"Recursos Próprios Não-Financeiros";"2";"Primária discricionária, não PAC, considerada no cálculo do RP";"3";"Outras Despesas Correntes";16800;16800;16800;16800;16800;16800
2016;"52901";"Fundo do Ministério da Defesa";"280";"Recursos Próprios Financeiros";"2";"Primária discricionária, não PAC, considerada no cálculo do RP";"3";"Outras Despesas Correntes";2225646;2225646;1505620;1439281;406852;361669
2016;"36901";"Fundo Nacional de Saúde";"151";"Contribuição Social sobre o Lucro Líquido das Pessoas Jurídicas";"1";"Primária obrigatória, considerada no cálculo do RP";"1";"Pessoal e Encargos Sociais";10327624058;9848307792;9515460349;9424199614;9423280250;9423259207
2016;"22906";"Fundo de Defesa da Economia Cafeeira";"180";"Recursos Próprios Financeiros";"2";"Primária discricionária, não PAC, considerada no cálculo do RP";"4";"Investimentos";1e+06;1e+06;150000;149483;102335;102335
2016;"74918";"Recursos sob Supervisão do Fundo de Desenvolvimento do Nordeste/FDNE - Min Integração Nacional";"250";"Recursos Próprios Não-Financeiros";"0";"Financeira";"5";"Inversões Financeiras";50440036;50440036;50440036;18051836;0;0
2016;"26298";"Fundo Nacional de Desenvolvimento da Educação";"169";"Contribuição Patronal para o Plano de Seguridade Social do Servidor Público";"1";"Primária obrigatória, considerada no cálculo do RP";"1";"Pessoal e Encargos Sociais";14323148;14323148;22023148;21960158;21960158;21960158
2016;"36901";"Fundo Nacional de Saúde";"353";"Contribuição para Financiamento da Seguridade Social - COFINS";"1";"Primária obrigatória, considerada no cálculo do RP";"3";"Outras Despesas Correntes";0;0;664977000;664869196;664262966;664262966
2016;"74917";"Recursos sob Supervisão do Fundo de Desenvolvimento da Amazônia/FDA - Min Integração Nacional";"900";"Recursos Ordinários";"0";"Financeira";"5";"Inversões Financeiras";852859513;852859513;0;0;0;0
2016;"56902";"Fundo Nacional de Habitação de Interesse Social - FNHIS";"180";"Recursos Próprios Financeiros";"3";"Primária discricionária, PAC, considerada no cálculo do RP";"4";"Investimentos";6416946;5593154;5943154;5525073;1060327;1060327
2016;"20927";"Fundo de Imprensa Nacional";"150";"Recursos Próprios Não-Financeiros";"0";"Financeira";"9";"Reserva de Contingência";141489252;141493572;141493572;0;0;0
2016;"38901";"Fundo de Amparo ao Trabalhador";"140";"Contribuições para os Programas PIS/PASEP";"1";"Primária obrigatória, considerada no cálculo do RP";"3";"Outras Despesas Correntes";25378787683;0;0;0;0;0
2016;"52921";"Fundo do Exército";"280";"Recursos Próprios Financeiros";"2";"Primária discricionária, não PAC, considerada no cálculo do RP";"3";"Outras Despesas Correntes";22749018;22749018;16333334;16333314;10649037;10171612
2016;"74919";"Recursos sob Supervisão do Fundo de Desenvolvimento do Centro-Oeste/FDCO - Min Integração Nacional";"280";"Recursos Próprios Financeiros";"0";"Financeira";"5";"Inversões Financeiras";24241006;24241006;24241006;0;0;0
2016;"30905";"Fundo de Defesa de Direitos Difusos";"174";"Taxas e Multas pelo Exercício do Poder de Polícia e Multas Provenientes de Processos Judiciais";"2";"Primária discricionária, não PAC, considerada no cálculo do RP";"4";"Investimentos";961451;961451;878216;865354;374112;352188
2016;"52911";"Fundo Aeronáutico";"281";"Recursos de Convênios";"2";"Primária discricionária, não PAC, considerada no cálculo do RP";"4";"Investimentos";3943281;3943281;3943281;2833670;640161;640161
2016;"44902";"Fundo Nacional sobre Mudança do Clima";"280";"Recursos Próprios Financeiros";"2";"Primária discricionária, não PAC, considerada no cálculo do RP";"4";"Investimentos";2e+06;2e+06;50000;20628;9025;9025
2016;"26298";"Fundo Nacional de Desenvolvimento da Educação";"113";"Contribuição do Salário-Educação";"0";"Financeira";"9";"Reserva de Contingência";0;2614881147;747973400;0;0;0
2016;"36901";"Fundo Nacional de Saúde";"186";"Outras Receitas Vinculadas";"3";"Primária discricionária, PAC, considerada no cálculo do RP";"4";"Investimentos";0;0;171995916;0;0;0
2016;"36901";"Fundo Nacional de Saúde";"351";"Contribuição Social sobre o Lucro Líquido das Pessoas Jurídicas";"2";"Primária discricionária, não PAC, considerada no cálculo do RP";"4";"Investimentos";0;0;32952388;32952388;4499420;4499420
2016;"42902";"Fundo Nacional de Cultura";"100";"Recursos Ordinários";"6";"Primária discricionária, decorrente de emendas individuais, considerada no cálculo do RP";"3";"Outras Despesas Correntes";0;23077871;22422471;9742534;1631682;631720
2016;"52931";"Fundo Naval";"281";"Recursos de Convênios";"2";"Primária discricionária, não PAC, considerada no cálculo do RP";"4";"Investimentos";0;0;180000;180000;37431;37431
2016;"26298";"Fundo Nacional de Desenvolvimento da Educação";"100";"Recursos Ordinários";"3";"Primária discricionária, PAC, considerada no cálculo do RP";"4";"Investimentos";0;33596787;33596787;26800975;19346211;19346211
2016;"74908";"Recursos sob Supervisão do Fundo Geral de Turismo/FUNGETUR - Ministério do Turismo";"250";"Recursos Próprios Não-Financeiros";"0";"Financeira";"5";"Inversões Financeiras";53152;53152;53152;53152;0;0
2016;"38901";"Fundo de Amparo ao Trabalhador";"150";"Recursos Próprios Não-Financeiros";"2";"Primária discricionária, não PAC, considerada no cálculo do RP";"3";"Outras Despesas Correntes";239317;0;0;0;0;0
2016;"44902";"Fundo Nacional sobre Mudança do Clima";"280";"Recursos Próprios Financeiros";"2";"Primária discricionária, não PAC, considerada no cálculo do RP";"3";"Outras Despesas Correntes";5613119;5613119;7563119;7303156;6678037;6678037
2016;"74906";"Recursos sob Supervisão do Fundo de Terras e da Reforma Agrária/Banco da Terra - Min. do Desenv. Agrário";"380";"Recursos Próprios Financeiros";"0";"Financeira";"5";"Inversões Financeiras";0;0;33209000;33209000;33209000;33209000
2016;"57901";"Fundo Nacional para a Criança e o Adolescente - FNCA";"900";"Recursos Ordinários";"2";"Primária discricionária, não PAC, considerada no cálculo do RP";"3";"Outras Despesas Correntes";0;15696;0;0;0;0
2016;"74904";"Recursos sob Supervisão do Fundo da Marinha Mercante/FMM - Ministério dos Transportes";"135";"Cota-Parte do Adicional ao Frete para Renovação da Marinha Mercante";"0";"Financeira";"5";"Inversões Financeiras";2260522361;2260522361;2260522361;1808457723;1808457723;1808457723
2016;"56902";"Fundo Nacional de Habitação de Interesse Social - FNHIS";"180";"Recursos Próprios Financeiros";"2";"Primária discricionária, não PAC, considerada no cálculo do RP";"3";"Outras Despesas Correntes";8e+05;8e+05;8e+05;0;0;0
2016;"41902";"Fundo de Universalização dos Serviços de Telecomunicações - FUST";"172";"Outras Contribuições Econômicas";"0";"Financeira";"9";"Reserva de Contingência";820307763;820307763;820307763;0;0;0
2016;"30907";"Fundo Penitenciário Nacional - FUNPEN";"180";"Recursos Próprios Financeiros";"0";"Financeira";"9";"Reserva de Contingência";161124301;161124301;0;0;0;0
2016;"40901";"Fundo de Amparo ao Trabalhador";"300";"Recursos Ordinários";"1";"Primária obrigatória, considerada no cálculo do RP";"3";"Outras Despesas Correntes";0;0;810066528;810066528;164040236;164040236
2016;"62901";"Fundo Nacional de Aviação Civil - FNAC";"186";"Outras Receitas Vinculadas";"3";"Primária discricionária, PAC, considerada no cálculo do RP";"4";"Investimentos";1e+08;80311111;68389426;35719752;5945221;5945221
2016;"74910";"Recursos sob Supervisão do Fundo Nacional de Desenv. Científico e Tecnológico/FNDCT - Min Ciência e Tecnologia";"141";"Compensações Financeiras pela Exploração de Recursos Minerais";"0";"Financeira";"5";"Inversões Financeiras";21500000;21500000;21500000;21500000;21500000;21500000
2016;"24901";"Fundo Nacional de Desenvolvimento Científico e Tecnológico";"186";"Outras Receitas Vinculadas";"0";"Financeira";"9";"Reserva de Contingência";15404995;15404995;15404995;0;0;0
2016;"36901";"Fundo Nacional de Saúde";"386";"Outras Receitas Vinculadas";"2";"Primária discricionária, não PAC, considerada no cálculo do RP";"3";"Outras Despesas Correntes";0;0;3e+08;41266350;0;0
2016;"01901";"Fundo Rotativo da Câmara dos Deputados";"100";"Recursos Ordinários";"2";"Primária discricionária, não PAC, considerada no cálculo do RP";"4";"Investimentos";3.7e+07;16088531;1e+05;45804;45804;45804
2016;"52932";"Fundo de Desenvolvimento do Ensino Profissional Marítimo";"100";"Recursos Ordinários";"6";"Primária discricionária, decorrente de emendas individuais, considerada no cálculo do RP";"3";"Outras Despesas Correntes";0;4e+05;4e+05;346752;135242;0
2016;"71904";"Fundo de Estabilidade do Seguro Rural - Recursos sob Supervisão do Ministério da Fazenda";"180";"Recursos Próprios Financeiros";"0";"Financeira";"9";"Reserva de Contingência";178328932;178328932;178328932;0;0;0
2016;"14901";"Fundo Partidário";"100";"Recursos Ordinários";"1";"Primária obrigatória, considerada no cálculo do RP";"3";"Outras Despesas Correntes";230157610;737890048;737890048;737890048;724509900;724509900
2016;"24901";"Fundo Nacional de Desenvolvimento Científico e Tecnológico";"135";"Cota-Parte do Adicional ao Frete para Renovação da Marinha Mercante";"0";"Financeira";"9";"Reserva de Contingência";21967056;21967056;20104655;0;0;0
2016;"74910";"Recursos sob Supervisão do Fundo Nacional de Desenv. Científico e Tecnológico/FNDCT - Min Ciência e Tecnologia";"178";"Fundo de Fiscalização das Telecomunicações";"0";"Financeira";"5";"Inversões Financeiras";20811827;20811827;20811827;20811827;20811827;20811827
2016;"24901";"Fundo Nacional de Desenvolvimento Científico e Tecnológico";"135";"Cota-Parte do Adicional ao Frete para Renovação da Marinha Mercante";"2";"Primária discricionária, não PAC, considerada no cálculo do RP";"3";"Outras Despesas Correntes";218798;218798;1340513;1340513;1242615;1060261
2016;"44902";"Fundo Nacional sobre Mudança do Clima";"196";"Doações de Pessoas Físicas e Instituições Públicas e Privadas Nacionais";"2";"Primária discricionária, não PAC, considerada no cálculo do RP";"3";"Outras Despesas Correntes";6e+06;6e+06;6e+06;0;0;0
2016;"52902";"Fundo de Administração do Hospital das Forças Armadas";"100";"Recursos Ordinários";"1";"Primária obrigatória, considerada no cálculo do RP";"3";"Outras Despesas Correntes";8817948;8817948;13187237;13128974;13128974;13128974
2016;"25903";"Fundo de Compensação e Variações Salariais";"180";"Recursos Próprios Financeiros";"0";"Financeira";"3";"Outras Despesas Correntes";839119567;839119567;839119567;839119567;0;0
2016;"30907";"Fundo Penitenciário Nacional - FUNPEN";"188";"Remuneração das Disponibilidades do Tesouro Nacional";"2";"Primária discricionária, não PAC, considerada no cálculo do RP";"4";"Investimentos";0;546230;546230;546230;0;0
2016;"74902";"Recursos sob Supervisão do Fundo de Financiamento ao Estudante do Ensino Superior/FIEES - Min. da Educação";"144";"Títulos de Responsabilidade do Tesouro Nacional - Outras Aplicações";"0";"Financeira";"5";"Inversões Financeiras";6606955315;6606955315;6606955315;6606955315;6606929835;6606929835
2016;"55901";"Fundo Nacional de Assistência Social";"100";"Recursos Ordinários";"2";"Primária discricionária, não PAC, considerada no cálculo do RP";"3";"Outras Despesas Correntes";0;2317681;295660535;294504356;68800221;68800221
2016;"74919";"Recursos sob Supervisão do Fundo de Desenvolvimento do Centro-Oeste/FDCO - Min Integração Nacional";"100";"Recursos Ordinários";"0";"Financeira";"5";"Inversões Financeiras";0;0;1078612835;494883315;0;0
2016;"62901";"Fundo Nacional de Aviação Civil - FNAC";"186";"Outras Receitas Vinculadas";"2";"Primária discricionária, não PAC, considerada no cálculo do RP";"3";"Outras Despesas Correntes";3670070;3670070;3670070;3072347;2272539;2272539
2016;"30907";"Fundo Penitenciário Nacional - FUNPEN";"150";"Recursos Próprios Não-Financeiros";"2";"Primária discricionária, não PAC, considerada no cálculo do RP";"3";"Outras Despesas Correntes";3455459;3455459;3455459;2546389;1110410;1110410
2016;"26298";"Fundo Nacional de Desenvolvimento da Educação";"113";"Contribuição do Salário-Educação";"3";"Primária discricionária, PAC, considerada no cálculo do RP";"3";"Outras Despesas Correntes";0;0;44516129;44516128;17078130;17078130
2016;"74919";"Recursos sob Supervisão do Fundo de Desenvolvimento do Centro-Oeste/FDCO - Min Integração Nacional";"900";"Recursos Ordinários";"0";"Financeira";"5";"Inversões Financeiras";1078612835;1078612835;0;0;0;0
2016;"62901";"Fundo Nacional de Aviação Civil - FNAC";"129";"Recursos de Concessões e Permissões";"2";"Primária discricionária, não PAC, considerada no cálculo do RP";"3";"Outras Despesas Correntes";0;5e+07;5e+07;0;0;0
2016;"40901";"Fundo de Amparo ao Trabalhador";"174";"Taxas e Multas pelo Exercício do Poder de Polícia e Multas Provenientes de Processos Judiciais";"2";"Primária discricionária, não PAC, considerada no cálculo do RP";"3";"Outras Despesas Correntes";0;53268014;56138014;45376199;14873801;14873801
2016;"40901";"Fundo de Amparo ao Trabalhador";"380";"Recursos Próprios Financeiros";"2";"Primária discricionária, não PAC, considerada no cálculo do RP";"3";"Outras Despesas Correntes";0;0;102919488;63429017;0;0
2016;"30912";"Fundo Nacional Antidrogas";"139";"Alienação de Bens Apreendidos";"0";"Financeira";"9";"Reserva de Contingência";5370609;5370609;5370609;0;0;0
2016;"52921";"Fundo do Exército";"250";"Recursos Próprios Não-Financeiros";"1";"Primária obrigatória, considerada no cálculo do RP";"3";"Outras Despesas Correntes";903809792;903809792;903809792;903320420;874502377;867201764
2016;"26298";"Fundo Nacional de Desenvolvimento da Educação";"108";"Fundo Social - Parcela Destinada à Educação Pública e à Saúde";"2";"Primária discricionária, não PAC, considerada no cálculo do RP";"3";"Outras Despesas Correntes";1726184140;1726184140;964281056;893638136;841116180;840925676
2016;"28904";"Fundo de Garantia para Promoção da Competitividade - FGPC";"250";"Recursos Próprios Não-Financeiros";"0";"Financeira";"9";"Reserva de Contingência";38267259;38267259;38267259;0;0;0
2016;"74918";"Recursos sob Supervisão do Fundo de Desenvolvimento do Nordeste/FDNE - Min Integração Nacional";"280";"Recursos Próprios Financeiros";"0";"Financeira";"5";"Inversões Financeiras";373668544;373668544;373668544;373668544;0;0
2016;"74910";"Recursos sob Supervisão do Fundo Nacional de Desenv. Científico e Tecnológico/FNDCT - Min Ciência e Tecnologia";"172";"Outras Contribuições Econômicas";"0";"Financeira";"5";"Inversões Financeiras";724309173;724309173;494309173;494309173;494309173;494309173
2016;"24901";"Fundo Nacional de Desenvolvimento Científico e Tecnológico";"178";"Fundo de Fiscalização das Telecomunicações";"2";"Primária discricionária, não PAC, considerada no cálculo do RP";"3";"Outras Despesas Correntes";218798;218798;197874;197874;197874;192540
2016;"56902";"Fundo Nacional de Habitação de Interesse Social - FNHIS";"100";"Recursos Ordinários";"2";"Primária discricionária, não PAC, considerada no cálculo do RP";"4";"Investimentos";0;1803224;1803224;0;0;0
2016;"52902";"Fundo de Administração do Hospital das Forças Armadas";"169";"Contribuição Patronal para o Plano de Seguridade Social do Servidor Público";"1";"Primária obrigatória, considerada no cálculo do RP";"1";"Pessoal e Encargos Sociais";16361603;16361603;16361603;16342670;16342505;16342505
2016;"24901";"Fundo Nacional de Desenvolvimento Científico e Tecnológico";"172";"Outras Contribuições Econômicas";"2";"Primária discricionária, não PAC, considerada no cálculo do RP";"5";"Inversões Financeiras";218798;218798;0;0;0;0
2016;"38901";"Fundo de Amparo ao Trabalhador";"174";"Taxas e Multas pelo Exercício do Poder de Polícia e Multas Provenientes de Processos Judiciais";"2";"Primária discricionária, não PAC, considerada no cálculo do RP";"3";"Outras Despesas Correntes";54868014;0;0;0;0;0
2016;"24901";"Fundo Nacional de Desenvolvimento Científico e Tecnológico";"141";"Compensações Financeiras pela Exploração de Recursos Minerais";"0";"Financeira";"9";"Reserva de Contingência";940844;940844;834834;0;0;0
2016;"74906";"Recursos sob Supervisão do Fundo de Terras e da Reforma Agrária/Banco da Terra - Min. do Desenv. Agrário";"180";"Recursos Próprios Financeiros";"0";"Financeira";"5";"Inversões Financeiras";37178602;37178602;181137707;181137707;181137707;181137707
2016;"26298";"Fundo Nacional de Desenvolvimento da Educação";"112";"Recursos Destinados à Manutenção e Desenvolvimento do Ensino";"3";"Primária discricionária, PAC, considerada no cálculo do RP";"4";"Investimentos";0;199032258;0;0;0;0
2016;"74901";"Recursos sob Supervisão do Fundo de Defesa da Economia Cafeeira/Funcafé - MAPA";"180";"Recursos Próprios Financeiros";"0";"Financeira";"5";"Inversões Financeiras";4865325027;4865325027;3901307806;3453579145;3029642867;3029642867
2016;"52902";"Fundo de Administração do Hospital das Forças Armadas";"100";"Recursos Ordinários";"0";"Financeira";"1";"Pessoal e Encargos Sociais";22361603;22361603;22379725;19251546;19251546;19251546
2016;"73901";"Fundo Constitucional do Distrito Federal - FCDF";"100";"Recursos Ordinários";"1";"Primária obrigatória, considerada no cálculo do RP";"4";"Investimentos";127331254;127331254;46458820;44990785;15095224;15095224
2016;"40904";"Fundo do Regime Geral de Previdência Social";"151";"Contribuição Social sobre o Lucro Líquido das Pessoas Jurídicas";"1";"Primária obrigatória, considerada no cálculo do RP";"3";"Outras Despesas Correntes";0;1544489446;1634020694;1634020691;1574044962;554648642
2016;"24901";"Fundo Nacional de Desenvolvimento Científico e Tecnológico";"186";"Outras Receitas Vinculadas";"2";"Primária discricionária, não PAC, considerada no cálculo do RP";"3";"Outras Despesas Correntes";218798;218798;218798;218798;217917;213541
2016;"55901";"Fundo Nacional de Assistência Social";"151";"Contribuição Social sobre o Lucro Líquido das Pessoas Jurídicas";"1";"Primária obrigatória, considerada no cálculo do RP";"3";"Outras Despesas Correntes";1079887720;1079887720;982887720;979050835;977171251;977171251
2016;"36901";"Fundo Nacional de Saúde";"150";"Recursos Próprios Não-Financeiros";"2";"Primária discricionária, não PAC, considerada no cálculo do RP";"3";"Outras Despesas Correntes";0;0;2e+07;0;0;0
2016;"42902";"Fundo Nacional de Cultura";"178";"Fundo de Fiscalização das Telecomunicações";"2";"Primária discricionária, não PAC, considerada no cálculo do RP";"3";"Outras Despesas Correntes";14920324;11703203;11703203;11703203;1902960;1902960
2016;"64901";"Fundo Nacional para a Criança e o Adolescente - FNCA";"180";"Recursos Próprios Financeiros";"2";"Primária discricionária, não PAC, considerada no cálculo do RP";"3";"Outras Despesas Correntes";4643579;0;0;0;0;0
2016;"24901";"Fundo Nacional de Desenvolvimento Científico e Tecnológico";"178";"Fundo de Fiscalização das Telecomunicações";"2";"Primária discricionária, não PAC, considerada no cálculo do RP";"4";"Investimentos";0;0;20924;20924;0;0
2016;"41902";"Fundo de Universalização dos Serviços de Telecomunicações - FUST";"172";"Outras Contribuições Econômicas";"2";"Primária discricionária, não PAC, considerada no cálculo do RP";"3";"Outras Despesas Correntes";101419;101419;101419;101419;101419;101419
2016;"30905";"Fundo de Defesa de Direitos Difusos";"100";"Recursos Ordinários";"2";"Primária discricionária, não PAC, considerada no cálculo do RP";"3";"Outras Despesas Correntes";1e+05;1e+05;1110698;25747;24974;24974
2016;"20927";"Fundo de Imprensa Nacional";"100";"Recursos Ordinários";"1";"Primária obrigatória, considerada no cálculo do RP";"3";"Outras Despesas Correntes";3635244;3635244;3803704;3802936;3705615;3705615
2016;"36901";"Fundo Nacional de Saúde";"100";"Recursos Ordinários";"6";"Primária discricionária, decorrente de emendas individuais, considerada no cálculo do RP";"3";"Outras Despesas Correntes";0;1697858674;1702245897;1414154263;1057827192;1057374288
2016;"44902";"Fundo Nacional sobre Mudança do Clima";"196";"Doações de Pessoas Físicas e Instituições Públicas e Privadas Nacionais";"2";"Primária discricionária, não PAC, considerada no cálculo do RP";"4";"Investimentos";4e+06;4e+06;4e+06;0;0;0
2016;"74916";"Recursos sob Supervisão do Fundo Nacional sobre Mudança do Clima/FNMC - Ministério do Meio Ambiente";"900";"Recursos Ordinários";"0";"Financeira";"5";"Inversões Financeiras";337613119;337613119;0;0;0;0
2016;"40901";"Fundo de Amparo ao Trabalhador";"100";"Recursos Ordinários";"6";"Primária discricionária, decorrente de emendas individuais, considerada no cálculo do RP";"4";"Investimentos";0;4e+05;4e+05;0;0;0
2016;"56902";"Fundo Nacional de Habitação de Interesse Social - FNHIS";"100";"Recursos Ordinários";"6";"Primária discricionária, decorrente de emendas individuais, considerada no cálculo do RP";"4";"Investimentos";0;7250000;7250000;2691031;0;0
2016;"56901";"Fundo Nacional de Segurança e Educação do Trânsito - FUNSET";"174";"Taxas e Multas pelo Exercício do Poder de Polícia e Multas Provenientes de Processos Judiciais";"2";"Primária discricionária, não PAC, considerada no cálculo do RP";"3";"Outras Despesas Correntes";0;0;88795000;88795000;88795000;88795000
2016;"25913";"Fundo Especial de Treinamento e Desenvolvimento";"150";"Recursos Próprios Não-Financeiros";"2";"Primária discricionária, não PAC, considerada no cálculo do RP";"4";"Investimentos";0;0;1234500;1234447;1234447;1234447
2016;"24901";"Fundo Nacional de Desenvolvimento Científico e Tecnológico";"172";"Outras Contribuições Econômicas";"3";"Primária discricionária, PAC, considerada no cálculo do RP";"3";"Outras Despesas Correntes";7.5e+07;59004821;59004821;59004821;43600241;2950241
2016;"74918";"Recursos sob Supervisão do Fundo de Desenvolvimento do Nordeste/FDNE - Min Integração Nacional";"166";"Recursos Financeiros de Aplicação Vinculada";"0";"Financeira";"5";"Inversões Financeiras";3924463;3924463;3924463;0;0;0
2016;"24901";"Fundo Nacional de Desenvolvimento Científico e Tecnológico";"180";"Recursos Próprios Financeiros";"0";"Financeira";"9";"Reserva de Contingência";321040790;321040790;12783;0;0;0
2016;"36901";"Fundo Nacional de Saúde";"186";"Outras Receitas Vinculadas";"2";"Primária discricionária, não PAC, considerada no cálculo do RP";"3";"Outras Despesas Correntes";0;0;147784849;0;0;0
2016;"20927";"Fundo de Imprensa Nacional";"100";"Recursos Ordinários";"1";"Primária obrigatória, considerada no cálculo do RP";"1";"Pessoal e Encargos Sociais";106078235;104870148;107120112;107120112;106061922;106061922
2016;"01901";"Fundo Rotativo da Câmara dos Deputados";"150";"Recursos Próprios Não-Financeiros";"0";"Financeira";"9";"Reserva de Contingência";0;40000;40000;0;0;0
2016;"62901";"Fundo Nacional de Aviação Civil - FNAC";"100";"Recursos Ordinários";"3";"Primária discricionária, PAC, considerada no cálculo do RP";"4";"Investimentos";0;68672017;68672017;0;0;0
2016;"62901";"Fundo Nacional de Aviação Civil - FNAC";"280";"Recursos Próprios Financeiros";"3";"Primária discricionária, PAC, considerada no cálculo do RP";"4";"Investimentos";1343689;1343689;1343689;0;0;0
2016;"42902";"Fundo Nacional de Cultura";"178";"Fundo de Fiscalização das Telecomunicações";"0";"Financeira";"5";"Inversões Financeiras";49530309;49530309;49530309;49530309;0;0
2016;"30905";"Fundo de Defesa de Direitos Difusos";"174";"Taxas e Multas pelo Exercício do Poder de Polícia e Multas Provenientes de Processos Judiciais";"0";"Financeira";"9";"Reserva de Contingência";337505031;337505031;337505031;0;0;0
2016;"74906";"Recursos sob Supervisão do Fundo de Terras e da Reforma Agrária/Banco da Terra - Min. do Desenv. Agrário";"100";"Recursos Ordinários";"0";"Financeira";"5";"Inversões Financeiras";262821398;262821398;85653293;35153293;0;0
2016;"71904";"Fundo de Estabilidade do Seguro Rural - Recursos sob Supervisão do Ministério da Fazenda";"180";"Recursos Próprios Financeiros";"2";"Primária discricionária, não PAC, considerada no cálculo do RP";"3";"Outras Despesas Correntes";60000;60000;60000;60000;0;0
2016;"55901";"Fundo Nacional de Assistência Social";"153";"Contribuição para Financiamento da Seguridade Social - COFINS";"2";"Primária discricionária, não PAC, considerada no cálculo do RP";"3";"Outras Despesas Correntes";0;2e+08;315448062;315448062;32718100;32718100
2016;"26298";"Fundo Nacional de Desenvolvimento da Educação";"100";"Recursos Ordinários";"1";"Primária obrigatória, considerada no cálculo do RP";"1";"Pessoal e Encargos Sociais";80249898;77327536;99174347;97549095;97549095;97549095
2016;"26298";"Fundo Nacional de Desenvolvimento da Educação";"108";"Fundo Social - Parcela Destinada à Educação Pública e à Saúde";"3";"Primária discricionária, PAC, considerada no cálculo do RP";"3";"Outras Despesas Correntes";2e+07;2e+07;0;0;0;0
2016;"56902";"Fundo Nacional de Habitação de Interesse Social - FNHIS";"100";"Recursos Ordinários";"3";"Primária discricionária, PAC, considerada no cálculo do RP";"4";"Investimentos";0;0;3e+07;29946723;8345520;8345520
2016;"40904";"Fundo do Regime Geral de Previdência Social";"100";"Recursos Ordinários";"1";"Primária obrigatória, considerada no cálculo do RP";"3";"Outras Despesas Correntes";0;20436250435;63048196244;63002910334;62861417399;61303335676
2016;"38901";"Fundo de Amparo ao Trabalhador";"150";"Recursos Próprios Não-Financeiros";"1";"Primária obrigatória, considerada no cálculo do RP";"3";"Outras Despesas Correntes";1089716220;0;0;0;0;0
2016;"30912";"Fundo Nacional Antidrogas";"174";"Taxas e Multas pelo Exercício do Poder de Polícia e Multas Provenientes de Processos Judiciais";"2";"Primária discricionária, não PAC, considerada no cálculo do RP";"3";"Outras Despesas Correntes";3896533;3896533;3896533;3896483;73617;73617
2016;"55901";"Fundo Nacional de Assistência Social";"139";"Alienação de Bens Apreendidos";"2";"Primária discricionária, não PAC, considerada no cálculo do RP";"3";"Outras Despesas Correntes";91626266;91626266;91626266;91626266;47142000;47142000
2016;"36901";"Fundo Nacional de Saúde";"151";"Contribuição Social sobre o Lucro Líquido das Pessoas Jurídicas";"1";"Primária obrigatória, considerada no cálculo do RP";"3";"Outras Despesas Correntes";7916944068;7916944068;7977952306;7958991174;7447882470;7440621852
2016;"30907";"Fundo Penitenciário Nacional - FUNPEN";"118";"Contribuições sobre Concursos de Prognósticos";"0";"Financeira";"9";"Reserva de Contingência";176127631;251097623;0;0;0;0
2016;"56901";"Fundo Nacional de Segurança e Educação do Trânsito - FUNSET";"180";"Recursos Próprios Financeiros";"2";"Primária discricionária, não PAC, considerada no cálculo do RP";"3";"Outras Despesas Correntes";24629697;24629697;24629697;24289697;23829697;23829697
2016;"52911";"Fundo Aeronáutico";"250";"Recursos Próprios Não-Financeiros";"1";"Primária obrigatória, considerada no cálculo do RP";"4";"Investimentos";35760524;35760524;10760524;10701056;3766717;3703517
2016;"57901";"Fundo Nacional para a Criança e o Adolescente - FNCA";"180";"Recursos Próprios Financeiros";"2";"Primária discricionária, não PAC, considerada no cálculo do RP";"3";"Outras Despesas Correntes";0;4643579;4643579;0;0;0
2016;"64901";"Fundo Nacional para a Criança e o Adolescente - FNCA";"900";"Recursos Ordinários";"2";"Primária discricionária, não PAC, considerada no cálculo do RP";"3";"Outras Despesas Correntes";15696;0;0;0;0;0
2016;"40904";"Fundo do Regime Geral de Previdência Social";"180";"Recursos Próprios Financeiros";"1";"Primária obrigatória, considerada no cálculo do RP";"3";"Outras Despesas Correntes";0;301067232;526656880;526656880;526656880;526656880
2016;"28904";"Fundo de Garantia para Promoção da Competitividade - FGPC";"280";"Recursos Próprios Financeiros";"0";"Financeira";"9";"Reserva de Contingência";160609974;160609974;160609974;0;0;0
2016;"40904";"Fundo do Regime Geral de Previdência Social";"144";"Títulos de Responsabilidade do Tesouro Nacional - Outras Aplicações";"1";"Primária obrigatória, considerada no cálculo do RP";"3";"Outras Despesas Correntes";0;52218376612;52218376612;52218376612;52218376612;44918779672
2016;"64902";"Fundo Nacional do Idoso - FNI";"196";"Doações de Pessoas Físicas e Instituições Públicas e Privadas Nacionais";"2";"Primária discricionária, não PAC, considerada no cálculo do RP";"4";"Investimentos";4124415;0;0;0;0;0
2016;"41903";"Fundo para o Desenvolvimento Tecnológico das Telecomunicações - FUNTTEL";"280";"Recursos Próprios Financeiros";"0";"Financeira";"9";"Reserva de Contingência";123983268;123983268;123983268;0;0;0
2016;"26298";"Fundo Nacional de Desenvolvimento da Educação";"100";"Recursos Ordinários";"6";"Primária discricionária, decorrente de emendas individuais, considerada no cálculo do RP";"3";"Outras Despesas Correntes";0;29963090;31354866;19827395;0;0
2016;"30907";"Fundo Penitenciário Nacional - FUNPEN";"380";"Recursos Próprios Financeiros";"2";"Primária discricionária, não PAC, considerada no cálculo do RP";"4";"Investimentos";0;0;9e+07;1459543;0;0
2016;"26298";"Fundo Nacional de Desenvolvimento da Educação";"113";"Contribuição do Salário-Educação";"1";"Primária obrigatória, considerada no cálculo do RP";"3";"Outras Despesas Correntes";4938881147;2.324e+09;1973273818;1964104341;1676165652;1676165652
2016;"62901";"Fundo Nacional de Aviação Civil - FNAC";"186";"Outras Receitas Vinculadas";"0";"Financeira";"9";"Reserva de Contingência";460245423;460245423;460245423;0;0;0
2016;"74902";"Recursos sob Supervisão do Fundo de Financiamento ao Estudante do Ensino Superior/FIEES - Min. da Educação";"186";"Outras Receitas Vinculadas";"0";"Financeira";"5";"Inversões Financeiras";364954453;364954453;364954453;364954453;364954453;364954453
2016;"55901";"Fundo Nacional de Assistência Social";"100";"Recursos Ordinários";"2";"Primária discricionária, não PAC, considerada no cálculo do RP";"4";"Investimentos";0;40504047;30185602;29017400;0;0
2016;"73901";"Fundo Constitucional do Distrito Federal - FCDF";"100";"Recursos Ordinários";"1";"Primária obrigatória, considerada no cálculo do RP";"3";"Outras Despesas Correntes";1035166252;1035166252;1091696281;1091696212;1011887584;1008336556
2016;"74910";"Recursos sob Supervisão do Fundo Nacional de Desenv. Científico e Tecnológico/FNDCT - Min Ciência e Tecnologia";"135";"Cota-Parte do Adicional ao Frete para Renovação da Marinha Mercante";"0";"Financeira";"5";"Inversões Financeiras";49124000;49124000;49124000;49124000;49124000;49124000
2016;"30912";"Fundo Nacional Antidrogas";"900";"Recursos Ordinários";"2";"Primária discricionária, não PAC, considerada no cálculo do RP";"3";"Outras Despesas Correntes";1470711;1470711;0;0;0;0
2016;"73901";"Fundo Constitucional do Distrito Federal - FCDF";"106";"Contribuição para o Fundo de Saúde dos Políciais Militares e Bombeiros Militares do Distrito Federal";"1";"Primária obrigatória, considerada no cálculo do RP";"3";"Outras Despesas Correntes";21650217;21650217;21650217;21649716;20422055;20422055
2016;"40901";"Fundo de Amparo ao Trabalhador";"100";"Recursos Ordinários";"6";"Primária discricionária, decorrente de emendas individuais, considerada no cálculo do RP";"3";"Outras Despesas Correntes";0;5606217;2769561;2e+05;0;0
2016;"36901";"Fundo Nacional de Saúde";"118";"Contribuições sobre Concursos de Prognósticos";"2";"Primária discricionária, não PAC, considerada no cálculo do RP";"3";"Outras Despesas Correntes";8800597;8800597;8800597;5781763;5781763;5781763
2016;"56901";"Fundo Nacional de Segurança e Educação do Trânsito - FUNSET";"186";"Outras Receitas Vinculadas";"0";"Financeira";"9";"Reserva de Contingência";457175380;457175380;457175380;0;0;0
2016;"36901";"Fundo Nacional de Saúde";"100";"Recursos Ordinários";"1";"Primária obrigatória, considerada no cálculo do RP";"1";"Pessoal e Encargos Sociais";0;0;215826340;215015249;214915249;214915249
2016;"52903";"Fundo do Serviço Militar";"180";"Recursos Próprios Financeiros";"2";"Primária discricionária, não PAC, considerada no cálculo do RP";"3";"Outras Despesas Correntes";1270455;1270455;1270455;1246903;667698;643246
2016;"42902";"Fundo Nacional de Cultura";"118";"Contribuições sobre Concursos de Prognósticos";"2";"Primária discricionária, não PAC, considerada no cálculo do RP";"3";"Outras Despesas Correntes";5.8e+07;20650000;20150000;17306475;4060165;3790165
2016;"30907";"Fundo Penitenciário Nacional - FUNPEN";"100";"Recursos Ordinários";"6";"Primária discricionária, decorrente de emendas individuais, considerada no cálculo do RP";"4";"Investimentos";0;1640273;1640273;750000;0;0
2016;"33904";"Fundo do Regime Geral de Previdência Social";"163";"Recursos Próprios Decorrentes da Alienação de Bens e Direitos do Patrimônio Público";"1";"Primária obrigatória, considerada no cálculo do RP";"3";"Outras Despesas Correntes";205861854;0;0;0;0;0
2016;"52931";"Fundo Naval";"174";"Taxas e Multas pelo Exercício do Poder de Polícia e Multas Provenientes de Processos Judiciais";"2";"Primária discricionária, não PAC, considerada no cálculo do RP";"4";"Investimentos";2e+05;2e+05;99500;99500;99500;99500
2016;"52931";"Fundo Naval";"280";"Recursos Próprios Financeiros";"2";"Primária discricionária, não PAC, considerada no cálculo do RP";"3";"Outras Despesas Correntes";170414857;170414857;185543437;186126736;141058636;136790552
2016;"52932";"Fundo de Desenvolvimento do Ensino Profissional Marítimo";"176";"Outras Contribuições Sociais";"2";"Primária discricionária, não PAC, considerada no cálculo do RP";"3";"Outras Despesas Correntes";81507441;74152083;76845026;76803174;63511485;62323115
2016;"74912";"Recursos sob Supervisão do Fundo Nacional de Cultura";"130";"Contribuição para o Desenvolvimento da Indústria Cinematográfica Nacional";"2";"Primária discricionária, não PAC, considerada no cálculo do RP";"3";"Outras Despesas Correntes";4e+06;4e+06;4e+06;2164683;0;0
2016;"71903";"Fundo Social - FS";"142";"Compensações Financeiras pela Produção de Petróleo, Gás Natural e Outros Hidrocarbonetos Fluidos";"2";"Primária discricionária, não PAC, considerada no cálculo do RP";"3";"Outras Despesas Correntes";3e+06;3e+06;3e+06;0;0;0
2016;"52932";"Fundo de Desenvolvimento do Ensino Profissional Marítimo";"250";"Recursos Próprios Não-Financeiros";"0";"Financeira";"9";"Reserva de Contingência";1334917;1334917;1334917;0;0;0
2016;"24901";"Fundo Nacional de Desenvolvimento Científico e Tecnológico";"134";"Compensações Financeiras pela Utilização de Recursos Hídricos";"2";"Primária discricionária, não PAC, considerada no cálculo do RP";"4";"Investimentos";0;0;1290155;1290155;1117172;830209
2016;"52911";"Fundo Aeronáutico";"250";"Recursos Próprios Não-Financeiros";"1";"Primária obrigatória, considerada no cálculo do RP";"3";"Outras Despesas Correntes";196110330;196110330;221110330;220056319;159902224;158581730
2016;"71905";"Fundo de Garantia à Exportação - Recursos sob Supervisão do Ministério da Fazenda";"150";"Recursos Próprios Não-Financeiros";"0";"Financeira";"9";"Reserva de Contingência";959244520;959244520;959244520;0;0;0
2016;"36901";"Fundo Nacional de Saúde";"100";"Recursos Ordinários";"6";"Primária discricionária, decorrente de emendas individuais, considerada no cálculo do RP";"4";"Investimentos";0;2857523917;2862733469;2239136003;632151467;632049443
2016;"64902";"Fundo Nacional do Idoso - FNI";"196";"Doações de Pessoas Físicas e Instituições Públicas e Privadas Nacionais";"2";"Primária discricionária, não PAC, considerada no cálculo do RP";"3";"Outras Despesas Correntes";4916220;0;0;0;0;0
2016;"52911";"Fundo Aeronáutico";"250";"Recursos Próprios Não-Financeiros";"2";"Primária discricionária, não PAC, considerada no cálculo do RP";"4";"Investimentos";970603510;970603510;853387819;826902639;468412104;468369387
2016;"26298";"Fundo Nacional de Desenvolvimento da Educação";"293";"Produto da Aplicação dos Recursos à Conta do Salário-Educação";"2";"Primária discricionária, não PAC, considerada no cálculo do RP";"4";"Investimentos";27660135;26681757;26681757;26802660;10620903;10620903
2016;"52921";"Fundo do Exército";"174";"Taxas e Multas pelo Exercício do Poder de Polícia e Multas Provenientes de Processos Judiciais";"2";"Primária discricionária, não PAC, considerada no cálculo do RP";"3";"Outras Despesas Correntes";3125093;3125093;9540777;9518418;3680531;3538031
2016;"62901";"Fundo Nacional de Aviação Civil - FNAC";"186";"Outras Receitas Vinculadas";"3";"Primária discricionária, PAC, considerada no cálculo do RP";"3";"Outras Despesas Correntes";6e+06;4738951;14553643;14540490;10147483;10147483
2016;"36901";"Fundo Nacional de Saúde";"350";"Recursos Próprios Não-Financeiros";"1";"Primária obrigatória, considerada no cálculo do RP";"3";"Outras Despesas Correntes";0;0;100728000;100728000;97553221;97553221
2016;"57901";"Fundo Nacional para a Criança e o Adolescente - FNCA";"396";"Doações de Pessoas Físicas e Instituições Públicas e Privadas Nacionais";"2";"Primária discricionária, não PAC, considerada no cálculo do RP";"3";"Outras Despesas Correntes";0;0;14800766;12402350;954911;954911
2016;"40901";"Fundo de Amparo ao Trabalhador";"150";"Recursos Próprios Não-Financeiros";"1";"Primária obrigatória, considerada no cálculo do RP";"3";"Outras Despesas Correntes";0;1089716220;779278893;779185453;676374172;676374172
2016;"74910";"Recursos sob Supervisão do Fundo Nacional de Desenv. Científico e Tecnológico/FNDCT - Min Ciência e Tecnologia";"180";"Recursos Próprios Financeiros";"0";"Financeira";"5";"Inversões Financeiras";0;0;2.3e+08;2.3e+08;2.3e+08;2.3e+08
2016;"55901";"Fundo Nacional de Assistência Social";"153";"Contribuição para Financiamento da Seguridade Social - COFINS";"1";"Primária obrigatória, considerada no cálculo do RP";"3";"Outras Despesas Correntes";45025442621;45025442621;45176994559;45149547586;45149546706;45128553352
2016;"40901";"Fundo de Amparo ao Trabalhador";"153";"Contribuição para Financiamento da Seguridade Social - COFINS";"1";"Primária obrigatória, considerada no cálculo do RP";"3";"Outras Despesas Correntes";0;2.64e+08;2.64e+08;2.64e+08;2.64e+08;2.64e+08
2016;"52931";"Fundo Naval";"100";"Recursos Ordinários";"6";"Primária discricionária, decorrente de emendas individuais, considerada no cálculo do RP";"4";"Investimentos";0;4e+05;4e+05;355950;0;0
2016;"30907";"Fundo Penitenciário Nacional - FUNPEN";"318";"Contribuições sobre Concursos de Prognósticos";"2";"Primária discricionária, não PAC, considerada no cálculo do RP";"4";"Investimentos";0;0;1262722000;1043228680;976617559;944673115
2016;"36901";"Fundo Nacional de Saúde";"100";"Recursos Ordinários";"2";"Primária discricionária, não PAC, considerada no cálculo do RP";"5";"Inversões Financeiras";229160000;206292646;180048646;180048646;52934199;52934199
2016;"26298";"Fundo Nacional de Desenvolvimento da Educação";"113";"Contribuição do Salário-Educação";"2";"Primária discricionária, não PAC, considerada no cálculo do RP";"4";"Investimentos";14650775;13872397;300195676;285251867;0;0
2016;"41903";"Fundo para o Desenvolvimento Tecnológico das Telecomunicações - FUNTTEL";"172";"Outras Contribuições Econômicas";"2";"Primária discricionária, não PAC, considerada no cálculo do RP";"4";"Investimentos";2600000;2600000;2e+06;1450000;1450000;1450000
2016;"56902";"Fundo Nacional de Habitação de Interesse Social - FNHIS";"180";"Recursos Próprios Financeiros";"3";"Primária discricionária, PAC, considerada no cálculo do RP";"3";"Outras Despesas Correntes";5185236;4523556;4173556;0;0;0
2016;"40901";"Fundo de Amparo ao Trabalhador";"140";"Contribuições para os Programas PIS/PASEP";"0";"Financeira";"5";"Inversões Financeiras";0;16483834422;16483834422;15992365961;15342365961;15342365961
2016;"30907";"Fundo Penitenciário Nacional - FUNPEN";"386";"Outras Receitas Vinculadas";"2";"Primária discricionária, não PAC, considerada no cálculo do RP";"4";"Investimentos";0;0;29508764;0;0;0
2016;"38901";"Fundo de Amparo ao Trabalhador";"180";"Recursos Próprios Financeiros";"1";"Primária obrigatória, considerada no cálculo do RP";"3";"Outras Despesas Correntes";13807133527;0;0;0;0;0
2016;"30912";"Fundo Nacional Antidrogas";"100";"Recursos Ordinários";"6";"Primária discricionária, decorrente de emendas individuais, considerada no cálculo do RP";"4";"Investimentos";0;8152453;7202453;1769400;0;0
2016;"26298";"Fundo Nacional de Desenvolvimento da Educação";"108";"Fundo Social - Parcela Destinada à Educação Pública e à Saúde";"3";"Primária discricionária, PAC, considerada no cálculo do RP";"4";"Investimentos";1233907840;1067463777;0;0;0;0
2016;"36901";"Fundo Nacional de Saúde";"150";"Recursos Próprios Não-Financeiros";"1";"Primária obrigatória, considerada no cálculo do RP";"3";"Outras Despesas Correntes";88194647;88194647;68194647;68194647;68194647;68194647
2016;"38901";"Fundo de Amparo ao Trabalhador";"153";"Contribuição para Financiamento da Seguridade Social - COFINS";"1";"Primária obrigatória, considerada no cálculo do RP";"3";"Outras Despesas Correntes";2.64e+08;0;0;0;0;0
2016;"52921";"Fundo do Exército";"250";"Recursos Próprios Não-Financeiros";"1";"Primária obrigatória, considerada no cálculo do RP";"4";"Investimentos";19991000;19991000;19991000;19955822;14453204;14447532
2016;"24901";"Fundo Nacional de Desenvolvimento Científico e Tecnológico";"172";"Outras Contribuições Econômicas";"0";"Financeira";"9";"Reserva de Contingência";1295439801;1295439801;1571130435;0;0;0
2016;"71902";"Fundo Soberano do Brasil - Recursos sob Supervisão do Ministério da Fazenda";"280";"Recursos Próprios Financeiros";"0";"Financeira";"9";"Reserva de Contingência";2221054878;2221054878;2221054878;0;0;0
2016;"64902";"Fundo Nacional do Idoso - FNI";"180";"Recursos Próprios Financeiros";"2";"Primária discricionária, não PAC, considerada no cálculo do RP";"3";"Outras Despesas Correntes";1723241;0;0;0;0;0
2016;"20927";"Fundo de Imprensa Nacional";"100";"Recursos Ordinários";"2";"Primária discricionária, não PAC, considerada no cálculo do RP";"3";"Outras Despesas Correntes";0;21600;7021600;7017500;3681650;3681650
2016;"24901";"Fundo Nacional de Desenvolvimento Científico e Tecnológico";"100";"Recursos Ordinários";"2";"Primária discricionária, não PAC, considerada no cálculo do RP";"4";"Investimentos";0;0;15100;15100;0;0
2016;"26298";"Fundo Nacional de Desenvolvimento da Educação";"293";"Produto da Aplicação dos Recursos à Conta do Salário-Educação";"2";"Primária discricionária, não PAC, considerada no cálculo do RP";"3";"Outras Despesas Correntes";7339865;7718243;7718243;7230241;365209;365209
2016;"52921";"Fundo do Exército";"250";"Recursos Próprios Não-Financeiros";"0";"Financeira";"9";"Reserva de Contingência";0;52677740;52677740;0;0;0
2016;"33904";"Fundo do Regime Geral de Previdência Social";"150";"Recursos Próprios Não-Financeiros";"1";"Primária obrigatória, considerada no cálculo do RP";"3";"Outras Despesas Correntes";18357724;0;0;0;0;0
2016;"33904";"Fundo do Regime Geral de Previdência Social";"151";"Contribuição Social sobre o Lucro Líquido das Pessoas Jurídicas";"1";"Primária obrigatória, considerada no cálculo do RP";"3";"Outras Despesas Correntes";2615038029;0;0;0;0;0
2016;"41902";"Fundo de Universalização dos Serviços de Telecomunicações - FUST";"178";"Fundo de Fiscalização das Telecomunicações";"0";"Financeira";"9";"Reserva de Contingência";644506338;644506338;644506338;0;0;0
2016;"74902";"Recursos sob Supervisão do Fundo de Financiamento ao Estudante do Ensino Superior/FIEES - Min. da Educação";"118";"Contribuições sobre Concursos de Prognósticos";"0";"Financeira";"5";"Inversões Financeiras";767106403;932166405;932166405;932166405;680152499;680152499
2016;"52931";"Fundo Naval";"250";"Recursos Próprios Não-Financeiros";"2";"Primária discricionária, não PAC, considerada no cálculo do RP";"3";"Outras Despesas Correntes";225442275;205383275;195052399;195371057;135091494;126713697
2016;"22906";"Fundo de Defesa da Economia Cafeeira";"150";"Recursos Próprios Não-Financeiros";"2";"Primária discricionária, não PAC, considerada no cálculo do RP";"3";"Outras Despesas Correntes";27799;27799;27799;0;0;0
2016;"57902";"Fundo Nacional do Idoso - FNI";"180";"Recursos Próprios Financeiros";"2";"Primária discricionária, não PAC, considerada no cálculo do RP";"3";"Outras Despesas Correntes";0;1723241;1723241;0;0;0
2016;"71903";"Fundo Social - FS";"142";"Compensações Financeiras pela Produção de Petróleo, Gás Natural e Outros Hidrocarbonetos Fluidos";"0";"Financeira";"5";"Inversões Financeiras";4432913458;4432913458;4432913458;0;0;0
2016;"28904";"Fundo de Garantia para Promoção da Competitividade - FGPC";"280";"Recursos Próprios Financeiros";"2";"Primária discricionária, não PAC, considerada no cálculo do RP";"3";"Outras Despesas Correntes";3e+06;3e+06;2791653;491016;491016;491016
2016;"57901";"Fundo Nacional para a Criança e o Adolescente - FNCA";"100";"Recursos Ordinários";"2";"Primária discricionária, não PAC, considerada no cálculo do RP";"3";"Outras Despesas Correntes";0;6956059;75385;0;0;0
2016;"30911";"Fundo Nacional de Segurança Pública";"100";"Recursos Ordinários";"6";"Primária discricionária, decorrente de emendas individuais, considerada no cálculo do RP";"3";"Outras Despesas Correntes";0;3127641;2691641;1085763;0;0
2016;"52911";"Fundo Aeronáutico";"174";"Taxas e Multas pelo Exercício do Poder de Polícia e Multas Provenientes de Processos Judiciais";"0";"Financeira";"9";"Reserva de Contingência";1456693;1456693;1456693;0;0;0
2016;"36901";"Fundo Nacional de Saúde";"151";"Contribuição Social sobre o Lucro Líquido das Pessoas Jurídicas";"2";"Primária discricionária, não PAC, considerada no cálculo do RP";"3";"Outras Despesas Correntes";0;237088488;436986354;374229650;192399410;192399410
2016;"24901";"Fundo Nacional de Desenvolvimento Científico e Tecnológico";"150";"Recursos Próprios Não-Financeiros";"2";"Primária discricionária, não PAC, considerada no cálculo do RP";"3";"Outras Despesas Correntes";218798;218798;218798;218798;217933;213557
2016;"36901";"Fundo Nacional de Saúde";"151";"Contribuição Social sobre o Lucro Líquido das Pessoas Jurídicas";"1";"Primária obrigatória, considerada no cálculo do RP";"4";"Investimentos";5e+07;5e+07;3264000;3263344;3263344;3263344
2016;"52932";"Fundo de Desenvolvimento do Ensino Profissional Marítimo";"100";"Recursos Ordinários";"6";"Primária discricionária, decorrente de emendas individuais, considerada no cálculo do RP";"4";"Investimentos";0;3e+05;3e+05;299917;70258;0
2016;"30905";"Fundo de Defesa de Direitos Difusos";"150";"Recursos Próprios Não-Financeiros";"2";"Primária discricionária, não PAC, considerada no cálculo do RP";"3";"Outras Despesas Correntes";119154;119154;119154;0;0;0
2016;"26298";"Fundo Nacional de Desenvolvimento da Educação";"100";"Recursos Ordinários";"0";"Financeira";"1";"Pessoal e Encargos Sociais";14323148;14323148;15446161;14800704;13666834;13666834
2016;"52931";"Fundo Naval";"250";"Recursos Próprios Não-Financeiros";"1";"Primária obrigatória, considerada no cálculo do RP";"3";"Outras Despesas Correntes";243523044;243523044;243523044;243423539;234560983;232977981
2016;"44901";"Fundo Nacional de Meio Ambiente - FNMA";"174";"Taxas e Multas pelo Exercício do Poder de Polícia e Multas Provenientes de Processos Judiciais";"2";"Primária discricionária, não PAC, considerada no cálculo do RP";"4";"Investimentos";405000;405000;405000;375404;53839;53839
2016;"74901";"Recursos sob Supervisão do Fundo de Defesa da Economia Cafeeira/Funcafé - MAPA";"380";"Recursos Próprios Financeiros";"0";"Financeira";"5";"Inversões Financeiras";0;0;964017221;717313959;497048913;497048913
2016;"36901";"Fundo Nacional de Saúde";"100";"Recursos Ordinários";"2";"Primária discricionária, não PAC, considerada no cálculo do RP";"4";"Investimentos";1392828306;1340499915;1350760023;843473851;479651240;475382244
2016;"26298";"Fundo Nacional de Desenvolvimento da Educação";"100";"Recursos Ordinários";"2";"Primária discricionária, não PAC, considerada no cálculo do RP";"4";"Investimentos";0;132757261;3531704;3531704;0;0
2016;"52932";"Fundo de Desenvolvimento do Ensino Profissional Marítimo";"280";"Recursos Próprios Financeiros";"0";"Financeira";"9";"Reserva de Contingência";75874832;75874832;75874832;0;0;0
2016;"36901";"Fundo Nacional de Saúde";"180";"Recursos Próprios Financeiros";"1";"Primária obrigatória, considerada no cálculo do RP";"3";"Outras Despesas Correntes";7123820;7123820;7123820;7009780;6569915;6569915
2016;"39901";"Fundo da Marinha Mercante - FMM";"180";"Recursos Próprios Financeiros";"2";"Primária discricionária, não PAC, considerada no cálculo do RP";"4";"Investimentos";3e+05;3e+05;3e+05;26889;0;0
2016;"44901";"Fundo Nacional de Meio Ambiente - FNMA";"196";"Doações de Pessoas Físicas e Instituições Públicas e Privadas Nacionais";"2";"Primária discricionária, não PAC, considerada no cálculo do RP";"4";"Investimentos";1.2e+07;1.2e+07;1.2e+07;0;0;0
2016;"30907";"Fundo Penitenciário Nacional - FUNPEN";"374";"Taxas e Multas pelo Exercício do Poder de Polícia e Multas Provenientes de Processos Judiciais";"2";"Primária discricionária, não PAC, considerada no cálculo do RP";"3";"Outras Despesas Correntes";0;0;4090600;0;0;0
2016;"52921";"Fundo do Exército";"900";"Recursos Ordinários";"2";"Primária discricionária, não PAC, considerada no cálculo do RP";"3";"Outras Despesas Correntes";2601468;2601468;0;0;0;0
2016;"40901";"Fundo de Amparo ao Trabalhador";"100";"Recursos Ordinários";"1";"Primária obrigatória, considerada no cálculo do RP";"3";"Outras Despesas Correntes";0;475704558;11871154628;11769107549;11757330509;11757330509
2016;"24901";"Fundo Nacional de Desenvolvimento Científico e Tecnológico";"100";"Recursos Ordinários";"2";"Primária discricionária, não PAC, considerada no cálculo do RP";"3";"Outras Despesas Correntes";437598;437598;422498;422498;341480;341480
2016;"57901";"Fundo Nacional para a Criança e o Adolescente - FNCA";"196";"Doações de Pessoas Físicas e Instituições Públicas e Privadas Nacionais";"2";"Primária discricionária, não PAC, considerada no cálculo do RP";"3";"Outras Despesas Correntes";0;14800766;0;0;0;0
2016;"40901";"Fundo de Amparo ao Trabalhador";"140";"Contribuições para os Programas PIS/PASEP";"1";"Primária obrigatória, considerada no cálculo do RP";"3";"Outras Despesas Correntes";0;24903083125;22148778393;22148778393;22148778393;22148778393
2016;"52911";"Fundo Aeronáutico";"250";"Recursos Próprios Não-Financeiros";"2";"Primária discricionária, não PAC, considerada no cálculo do RP";"3";"Outras Despesas Correntes";1024197947;1024197947;1023960274;1008559359;747933753;745330821
2016;"71905";"Fundo de Garantia à Exportação - Recursos sob Supervisão do Ministério da Fazenda";"150";"Recursos Próprios Não-Financeiros";"2";"Primária discricionária, não PAC, considerada no cálculo do RP";"3";"Outras Despesas Correntes";1e+05;1e+05;1e+05;1e+05;30000;30000
2016;"20927";"Fundo de Imprensa Nacional";"100";"Recursos Ordinários";"0";"Financeira";"1";"Pessoal e Encargos Sociais";0;0;4000;0;0;0
2016;"71903";"Fundo Social - FS";"280";"Recursos Próprios Financeiros";"0";"Financeira";"5";"Inversões Financeiras";290037905;290037905;290037905;0;0;0
2016;"74916";"Recursos sob Supervisão do Fundo Nacional sobre Mudança do Clima/FNMC - Ministério do Meio Ambiente";"100";"Recursos Ordinários";"0";"Financeira";"5";"Inversões Financeiras";0;0;337613119;337613119;0;0
2016;"55901";"Fundo Nacional de Assistência Social";"100";"Recursos Ordinários";"6";"Primária discricionária, decorrente de emendas individuais, considerada no cálculo do RP";"3";"Outras Despesas Correntes";0;22563815;21546270;14777149;845147;845147
2016;"30907";"Fundo Penitenciário Nacional - FUNPEN";"174";"Taxas e Multas pelo Exercício do Poder de Polícia e Multas Provenientes de Processos Judiciais";"2";"Primária discricionária, não PAC, considerada no cálculo do RP";"4";"Investimentos";9020000;9020000;9020000;8934599;0;0
2016;"56901";"Fundo Nacional de Segurança e Educação do Trânsito - FUNSET";"174";"Taxas e Multas pelo Exercício do Poder de Polícia e Multas Provenientes de Processos Judiciais";"0";"Financeira";"9";"Reserva de Contingência";398538101;398538101;309743101;0;0;0
2016;"26298";"Fundo Nacional de Desenvolvimento da Educação";"113";"Contribuição do Salário-Educação";"2";"Primária discricionária, não PAC, considerada no cálculo do RP";"3";"Outras Despesas Correntes";2733426990;2733805368;3078912134;2908629802;1736648957;1734595327
2016;"57902";"Fundo Nacional do Idoso - FNI";"396";"Doações de Pessoas Físicas e Instituições Públicas e Privadas Nacionais";"2";"Primária discricionária, não PAC, considerada no cálculo do RP";"3";"Outras Despesas Correntes";0;0;4916220;0;0;0
2016;"74912";"Recursos sob Supervisão do Fundo Nacional de Cultura";"130";"Contribuição para o Desenvolvimento da Indústria Cinematográfica Nacional";"0";"Financeira";"5";"Inversões Financeiras";2e+08;2e+08;2e+08;108234141;0;0
2016;"52931";"Fundo Naval";"650";"Recursos Próprios Não-Financeiros";"1";"Primária obrigatória, considerada no cálculo do RP";"3";"Outras Despesas Correntes";0;0;66930800;66930362;47470302;45637434
2016;"30907";"Fundo Penitenciário Nacional - FUNPEN";"180";"Recursos Próprios Financeiros";"2";"Primária discricionária, não PAC, considerada no cálculo do RP";"4";"Investimentos";33460000;33460000;49860000;24251514;3536984;3536984
2016;"74910";"Recursos sob Supervisão do Fundo Nacional de Desenv. Científico e Tecnológico/FNDCT - Min Ciência e Tecnologia";"134";"Compensações Financeiras pela Utilização de Recursos Hídricos";"0";"Financeira";"5";"Inversões Financeiras";68066000;68066000;68066000;68066000;68066000;68066000
2016;"71902";"Fundo Soberano do Brasil - Recursos sob Supervisão do Ministério da Fazenda";"280";"Recursos Próprios Financeiros";"2";"Primária discricionária, não PAC, considerada no cálculo do RP";"3";"Outras Despesas Correntes";4e+06;4e+06;4e+06;180000;144066;144066
2016;"74902";"Recursos sob Supervisão do Fundo de Financiamento ao Estudante do Ensino Superior/FIEES - Min. da Educação";"100";"Recursos Ordinários";"0";"Financeira";"5";"Inversões Financeiras";2203098798;2038038796;3326629427;3326629427;3229332845;3229332845
2016;"40904";"Fundo do Regime Geral de Previdência Social";"300";"Recursos Ordinários";"1";"Primária obrigatória, considerada no cálculo do RP";"3";"Outras Despesas Correntes";0;0;15449092081;15449092081;15303596892;12921534055
2016;"40904";"Fundo do Regime Geral de Previdência Social";"153";"Contribuição para Financiamento da Seguridade Social - COFINS";"1";"Primária obrigatória, considerada no cálculo do RP";"3";"Outras Despesas Correntes";0;32247296306;32247296306;32247296306;32243677153;31238430861
2016;"26298";"Fundo Nacional de Desenvolvimento da Educação";"293";"Produto da Aplicação dos Recursos à Conta do Salário-Educação";"3";"Primária discricionária, PAC, considerada no cálculo do RP";"4";"Investimentos";46092160;46092160;46692160;46692159;32514951;32514951
2016;"42902";"Fundo Nacional de Cultura";"118";"Contribuições sobre Concursos de Prognósticos";"2";"Primária discricionária, não PAC, considerada no cálculo do RP";"4";"Investimentos";22250111;19250111;19750111;17289961;3191248;3191248
2016;"74912";"Recursos sob Supervisão do Fundo Nacional de Cultura";"118";"Contribuições sobre Concursos de Prognósticos";"2";"Primária discricionária, não PAC, considerada no cálculo do RP";"5";"Inversões Financeiras";8e+05;8e+05;8e+05;0;0;0
2016;"56901";"Fundo Nacional de Segurança e Educação do Trânsito - FUNSET";"150";"Recursos Próprios Não-Financeiros";"2";"Primária discricionária, não PAC, considerada no cálculo do RP";"3";"Outras Despesas Correntes";65770303;65770303;65770303;65770303;65741705;65741705
2016;"55901";"Fundo Nacional de Assistência Social";"300";"Recursos Ordinários";"6";"Primária discricionária, decorrente de emendas individuais, considerada no cálculo do RP";"4";"Investimentos";0;0;4e+05;0;0;0
2016;"57902";"Fundo Nacional do Idoso - FNI";"196";"Doações de Pessoas Físicas e Instituições Públicas e Privadas Nacionais";"2";"Primária discricionária, não PAC, considerada no cálculo do RP";"4";"Investimentos";0;4124415;0;0;0;0
2016;"42902";"Fundo Nacional de Cultura";"100";"Recursos Ordinários";"2";"Primária discricionária, não PAC, considerada no cálculo do RP";"3";"Outras Despesas Correntes";0;5456703;5456703;0;0;0
2016;"52903";"Fundo do Serviço Militar";"174";"Taxas e Multas pelo Exercício do Poder de Polícia e Multas Provenientes de Processos Judiciais";"2";"Primária discricionária, não PAC, considerada no cálculo do RP";"4";"Investimentos";1450272;1450272;1071311;1048302;750034;678845
2016;"36901";"Fundo Nacional de Saúde";"169";"Contribuição Patronal para o Plano de Seguridade Social do Servidor Público";"1";"Primária obrigatória, considerada no cálculo do RP";"1";"Pessoal e Encargos Sociais";1498577776;1498577776;1498577776;1498577776;1498464779;1498461779
2016;"74902";"Recursos sob Supervisão do Fundo de Financiamento ao Estudante do Ensino Superior/FIEES - Min. da Educação";"900";"Recursos Ordinários";"0";"Financeira";"5";"Inversões Financeiras";1191294050;1191294050;0;0;0;0
2016;"42902";"Fundo Nacional de Cultura";"118";"Contribuições sobre Concursos de Prognósticos";"0";"Financeira";"9";"Reserva de Contingência";194903182;310223174;310223174;0;0;0
2016;"30905";"Fundo de Defesa de Direitos Difusos";"118";"Contribuições sobre Concursos de Prognósticos";"2";"Primária discricionária, não PAC, considerada no cálculo do RP";"3";"Outras Despesas Correntes";49163;49163;49163;5464;0;0
2016;"24901";"Fundo Nacional de Desenvolvimento Científico e Tecnológico";"150";"Recursos Próprios Não-Financeiros";"0";"Financeira";"9";"Reserva de Contingência";2716026;2716026;2716026;0;0;0
2016;"40901";"Fundo de Amparo ao Trabalhador";"188";"Remuneração das Disponibilidades do Tesouro Nacional";"1";"Primária obrigatória, considerada no cálculo do RP";"3";"Outras Despesas Correntes";0;0;106484459;106484459;106284217;106284217
2016;"20927";"Fundo de Imprensa Nacional";"150";"Recursos Próprios Não-Financeiros";"2";"Primária discricionária, não PAC, considerada no cálculo do RP";"3";"Outras Despesas Correntes";3.5e+07;34995680;34826368;34742253;33109952;33108792
2016;"52931";"Fundo Naval";"174";"Taxas e Multas pelo Exercício do Poder de Polícia e Multas Provenientes de Processos Judiciais";"2";"Primária discricionária, não PAC, considerada no cálculo do RP";"3";"Outras Despesas Correntes";4394271;4394271;1249053;1232928;668209;552746
2016;"36901";"Fundo Nacional de Saúde";"100";"Recursos Ordinários";"2";"Primária discricionária, não PAC, considerada no cálculo do RP";"3";"Outras Despesas Correntes";12688515097;13335161551;12255610873;11324382285;10057796134;9979723699
2016;"26298";"Fundo Nacional de Desenvolvimento da Educação";"112";"Recursos Destinados à Manutenção e Desenvolvimento do Ensino";"2";"Primária discricionária, não PAC, considerada no cálculo do RP";"3";"Outras Despesas Correntes";1151115997;1198688489;1050178766;928564913;670306535;659445951
2016;"33904";"Fundo do Regime Geral de Previdência Social";"153";"Contribuição para Financiamento da Seguridade Social - COFINS";"1";"Primária obrigatória, considerada no cálculo do RP";"3";"Outras Despesas Correntes";87953974561;0;0;0;0;0
2016;"26298";"Fundo Nacional de Desenvolvimento da Educação";"250";"Recursos Próprios Não-Financeiros";"2";"Primária discricionária, não PAC, considerada no cálculo do RP";"3";"Outras Despesas Correntes";19630795;19630795;24073955;24073955;20713156;20713156
2016;"40901";"Fundo de Amparo ao Trabalhador";"174";"Taxas e Multas pelo Exercício do Poder de Polícia e Multas Provenientes de Processos Judiciais";"2";"Primária discricionária, não PAC, considerada no cálculo do RP";"4";"Investimentos";0;1034895;1034895;790000;0;0
2016;"25913";"Fundo Especial de Treinamento e Desenvolvimento";"150";"Recursos Próprios Não-Financeiros";"2";"Primária discricionária, não PAC, considerada no cálculo do RP";"3";"Outras Despesas Correntes";6984710;6984710;5750210;4796018;3336088;3228249
2016;"52901";"Fundo do Ministério da Defesa";"250";"Recursos Próprios Não-Financeiros";"2";"Primária discricionária, não PAC, considerada no cálculo do RP";"3";"Outras Despesas Correntes";1324486;1324486;1324486;1324486;1291222;1291222
2016;"52902";"Fundo de Administração do Hospital das Forças Armadas";"150";"Recursos Próprios Não-Financeiros";"2";"Primária discricionária, não PAC, considerada no cálculo do RP";"3";"Outras Despesas Correntes";17481944;17481944;22109306;21035506;20356243;20353715
2016;"40901";"Fundo de Amparo ao Trabalhador";"150";"Recursos Próprios Não-Financeiros";"2";"Primária discricionária, não PAC, considerada no cálculo do RP";"3";"Outras Despesas Correntes";0;239317;239317;239317;0;0
2016;"33904";"Fundo do Regime Geral de Previdência Social";"900";"Recursos Ordinários";"1";"Primária obrigatória, considerada no cálculo do RP";"3";"Outras Despesas Correntes";41957854610;0;0;0;0;0
2016;"74904";"Recursos sob Supervisão do Fundo da Marinha Mercante/FMM - Ministério dos Transportes";"180";"Recursos Próprios Financeiros";"0";"Financeira";"5";"Inversões Financeiras";2504204076;2504204076;2504204076;1645442695;1645442695;1645442695
2016;"26298";"Fundo Nacional de Desenvolvimento da Educação";"100";"Recursos Ordinários";"3";"Primária discricionária, PAC, considerada no cálculo do RP";"3";"Outras Despesas Correntes";0;8544836;8544836;8544836;0;0
2016;"33904";"Fundo do Regime Geral de Previdência Social";"180";"Recursos Próprios Financeiros";"1";"Primária obrigatória, considerada no cálculo do RP";"3";"Outras Despesas Correntes";301067232;0;0;0;0;0
2016;"52902";"Fundo de Administração do Hospital das Forças Armadas";"150";"Recursos Próprios Não-Financeiros";"2";"Primária discricionária, não PAC, considerada no cálculo do RP";"4";"Investimentos";7141963;7141963;2514601;2510949;2093057;2093057
2016;"24901";"Fundo Nacional de Desenvolvimento Científico e Tecnológico";"141";"Compensações Financeiras pela Exploração de Recursos Minerais";"2";"Primária discricionária, não PAC, considerada no cálculo do RP";"3";"Outras Despesas Correntes";218798;218798;324808;324808;72855;64504
2016;"74902";"Recursos sob Supervisão do Fundo de Financiamento ao Estudante do Ensino Superior/FIEES - Min. da Educação";"188";"Remuneração das Disponibilidades do Tesouro Nacional";"0";"Financeira";"5";"Inversões Financeiras";5815119818;5815119818;6315219818;6315219818;5477458563;5477131998
2016;"52911";"Fundo Aeronáutico";"263";"Recursos Próprios Decorrentes da Alienação de Bens e Direitos do Patrimônio Público";"2";"Primária discricionária, não PAC, considerada no cálculo do RP";"4";"Investimentos";6139829;6139829;5243910;1657694;60828;60828
2016;"40901";"Fundo de Amparo ao Trabalhador";"340";"Contribuições para os Programas PIS/PASEP";"1";"Primária obrigatória, considerada no cálculo do RP";"3";"Outras Despesas Correntes";0;0;503388130;355343758;342819894;342819894
2016;"74913";"Recursos sob Supervisão do Fundo Constitucional de Financiamento do Norte/FNO - Min Integração Nacional";"101";"Transferências do Imposto sobre a Renda e sobre Produtos Industrializados";"0";"Financeira";"5";"Inversões Financeiras";1608617233;1708137531;2425543085;2425543085;2363487633;2363487633
2016;"40901";"Fundo de Amparo ao Trabalhador";"100";"Recursos Ordinários";"2";"Primária discricionária, não PAC, considerada no cálculo do RP";"3";"Outras Despesas Correntes";0;3112997;3112997;0;0;0
2016;"74910";"Recursos sob Supervisão do Fundo Nacional de Desenv. Científico e Tecnológico/FNDCT - Min Ciência e Tecnologia";"150";"Recursos Próprios Não-Financeiros";"0";"Financeira";"5";"Inversões Financeiras";4047000;4047000;4047000;4047000;4047000;4047000
2016;"40904";"Fundo do Regime Geral de Previdência Social";"129";"Recursos de Concessões e Permissões";"1";"Primária obrigatória, considerada no cálculo do RP";"3";"Outras Despesas Correntes";0;0;2286692832;2286692832;2286692832;2209375072
2016;"52902";"Fundo de Administração do Hospital das Forças Armadas";"180";"Recursos Próprios Financeiros";"2";"Primária discricionária, não PAC, considerada no cálculo do RP";"3";"Outras Despesas Correntes";343207;343207;343207;34459;24616;24616
2016;"40901";"Fundo de Amparo ao Trabalhador";"176";"Outras Contribuições Sociais";"2";"Primária discricionária, não PAC, considerada no cálculo do RP";"3";"Outras Despesas Correntes";0;312275348;320227607;309021833;250484209;245962020
2016;"36901";"Fundo Nacional de Saúde";"188";"Remuneração das Disponibilidades do Tesouro Nacional";"1";"Primária obrigatória, considerada no cálculo do RP";"3";"Outras Despesas Correntes";6e+09;6e+09;6e+09;5997075388;5570526546;5537767811
2016;"30911";"Fundo Nacional de Segurança Pública";"296";"Doações de Pessoas Físicas e Instituições Públicas e Privadas Nacionais";"2";"Primária discricionária, não PAC, considerada no cálculo do RP";"3";"Outras Despesas Correntes";1370520;1370520;1370520;836350;620714;620714
2016;"52911";"Fundo Aeronáutico";"280";"Recursos Próprios Financeiros";"2";"Primária discricionária, não PAC, considerada no cálculo do RP";"3";"Outras Despesas Correntes";266275755;266275755;263531732;253388265;181384723;181118377
2016;"24901";"Fundo Nacional de Desenvolvimento Científico e Tecnológico";"180";"Recursos Próprios Financeiros";"2";"Primária discricionária, não PAC, considerada no cálculo do RP";"4";"Investimentos";0;0;1105095;1105095;150262;150262
2016;"36901";"Fundo Nacional de Saúde";"151";"Contribuição Social sobre o Lucro Líquido das Pessoas Jurídicas";"0";"Financeira";"1";"Pessoal e Encargos Sociais";1123031990;1081122437;1085593893;1000859124;1000859124;1000859124
2016;"40901";"Fundo de Amparo ao Trabalhador";"180";"Recursos Próprios Financeiros";"1";"Primária obrigatória, considerada no cálculo do RP";"3";"Outras Despesas Correntes";0;13807133527;16200659321;15825941367;15179244917;15179244917
2016;"62901";"Fundo Nacional de Aviação Civil - FNAC";"100";"Recursos Ordinários";"2";"Primária discricionária, não PAC, considerada no cálculo do RP";"4";"Investimentos";0;38652536;38652536;0;0;0
2016;"30905";"Fundo de Defesa de Direitos Difusos";"174";"Taxas e Multas pelo Exercício do Poder de Polícia e Multas Provenientes de Processos Judiciais";"2";"Primária discricionária, não PAC, considerada no cálculo do RP";"3";"Outras Despesas Correntes";2183897;2183897;2267132;1505642;1190572;1190572
2016;"55901";"Fundo Nacional de Assistência Social";"151";"Contribuição Social sobre o Lucro Líquido das Pessoas Jurídicas";"2";"Primária discricionária, não PAC, considerada no cálculo do RP";"3";"Outras Despesas Correntes";2175070073;1716505750;1770137233;1769963349;1451530405;1451528843
2016;"24901";"Fundo Nacional de Desenvolvimento Científico e Tecnológico";"135";"Cota-Parte do Adicional ao Frete para Renovação da Marinha Mercante";"2";"Primária discricionária, não PAC, considerada no cálculo do RP";"4";"Investimentos";0;0;740686;740686;553486;391486
2016;"52932";"Fundo de Desenvolvimento do Ensino Profissional Marítimo";"135";"Cota-Parte do Adicional ao Frete para Renovação da Marinha Mercante";"0";"Financeira";"9";"Reserva de Contingência";35654926;35654926;35654926;0;0;0
2016;"57902";"Fundo Nacional do Idoso - FNI";"196";"Doações de Pessoas Físicas e Instituições Públicas e Privadas Nacionais";"2";"Primária discricionária, não PAC, considerada no cálculo do RP";"3";"Outras Despesas Correntes";0;4916220;0;0;0;0
2016;"26298";"Fundo Nacional de Desenvolvimento da Educação";"108";"Fundo Social - Parcela Destinada à Educação Pública e à Saúde";"0";"Financeira";"9";"Reserva de Contingência";0;0;1489558178;0;0;0
2016;"55901";"Fundo Nacional de Assistência Social";"900";"Recursos Ordinários";"2";"Primária discricionária, não PAC, considerada no cálculo do RP";"3";"Outras Despesas Correntes";195870;195870;0;0;0;0
2016;"30911";"Fundo Nacional de Segurança Pública";"300";"Recursos Ordinários";"2";"Primária discricionária, não PAC, considerada no cálculo do RP";"4";"Investimentos";0;0;1500000;499032;499032;499032
2016;"30912";"Fundo Nacional Antidrogas";"100";"Recursos Ordinários";"2";"Primária discricionária, não PAC, considerada no cálculo do RP";"3";"Outras Despesas Correntes";129036158;108506884;85526264;81018233;10780282;10663107
2016;"55901";"Fundo Nacional de Assistência Social";"118";"Contribuições sobre Concursos de Prognósticos";"2";"Primária discricionária, não PAC, considerada no cálculo do RP";"3";"Outras Despesas Correntes";457029;457029;457029;457029;0;0
2016;"40904";"Fundo do Regime Geral de Previdência Social";"163";"Recursos Próprios Decorrentes da Alienação de Bens e Direitos do Patrimônio Público";"1";"Primária obrigatória, considerada no cálculo do RP";"3";"Outras Despesas Correntes";0;205861854;205861854;21038732;21038732;21038732
2016;"20927";"Fundo de Imprensa Nacional";"150";"Recursos Próprios Não-Financeiros";"0";"Financeira";"1";"Pessoal e Encargos Sociais";5159700;5159700;5159700;5159700;4016914;4016914
2016;"52931";"Fundo Naval";"250";"Recursos Próprios Não-Financeiros";"0";"Financeira";"9";"Reserva de Contingência";22726115;42785115;42785115;0;0;0
2016;"38901";"Fundo de Amparo ao Trabalhador";"140";"Contribuições para os Programas PIS/PASEP";"0";"Financeira";"5";"Inversões Financeiras";16800970794;0;0;0;0;0
2016;"42902";"Fundo Nacional de Cultura";"150";"Recursos Próprios Não-Financeiros";"2";"Primária discricionária, não PAC, considerada no cálculo do RP";"4";"Investimentos";4749889;99889;3135889;3036000;0;0
2016;"52931";"Fundo Naval";"135";"Cota-Parte do Adicional ao Frete para Renovação da Marinha Mercante";"0";"Financeira";"9";"Reserva de Contingência";9507980;9507980;9507980;0;0;0
2016;"62901";"Fundo Nacional de Aviação Civil - FNAC";"100";"Recursos Ordinários";"2";"Primária discricionária, não PAC, considerada no cálculo do RP";"5";"Inversões Financeiras";0;2648778;2648778;0;0;0
2016;"56902";"Fundo Nacional de Habitação de Interesse Social - FNHIS";"180";"Recursos Próprios Financeiros";"0";"Financeira";"9";"Reserva de Contingência";117987707;119473179;119473179;0;0;0
2016;"52901";"Fundo do Ministério da Defesa";"280";"Recursos Próprios Financeiros";"2";"Primária discricionária, não PAC, considerada no cálculo do RP";"4";"Investimentos";50000;50000;50000;7385;4685;4685
2016;"57901";"Fundo Nacional para a Criança e o Adolescente - FNCA";"100";"Recursos Ordinários";"6";"Primária discricionária, decorrente de emendas individuais, considerada no cálculo do RP";"3";"Outras Despesas Correntes";0;8e+05;7e+05;0;0;0
2016;"62901";"Fundo Nacional de Aviação Civil - FNAC";"100";"Recursos Ordinários";"6";"Primária discricionária, decorrente de emendas individuais, considerada no cálculo do RP";"4";"Investimentos";0;1400000;1400000;5e+05;0;0
2016;"36901";"Fundo Nacional de Saúde";"153";"Contribuição para Financiamento da Seguridade Social - COFINS";"2";"Primária discricionária, não PAC, considerada no cálculo do RP";"3";"Outras Despesas Correntes";0;525006846;486006846;441705583;391488191;391488191
2016;"74902";"Recursos sob Supervisão do Fundo de Financiamento ao Estudante do Ensino Superior/FIEES - Min. da Educação";"280";"Recursos Próprios Financeiros";"0";"Financeira";"5";"Inversões Financeiras";1256377522;1256377522;1159080941;1159080941;694726199;694726199
2016;"30911";"Fundo Nacional de Segurança Pública";"296";"Doações de Pessoas Físicas e Instituições Públicas e Privadas Nacionais";"2";"Primária discricionária, não PAC, considerada no cálculo do RP";"4";"Investimentos";27523600;27523600;27523600;99600;0;0
2016;"73901";"Fundo Constitucional do Distrito Federal - FCDF";"100";"Recursos Ordinários";"1";"Primária obrigatória, considerada no cálculo do RP";"1";"Pessoal e Encargos Sociais";10833170478;10833170478;10857512883;10857424392;10851804112;10849251997
2016;"52931";"Fundo Naval";"250";"Recursos Próprios Não-Financeiros";"2";"Primária discricionária, não PAC, considerada no cálculo do RP";"4";"Investimentos";9964254;9964254;9612795;9607877;8092260;7836619
2016;"36901";"Fundo Nacional de Saúde";"151";"Contribuição Social sobre o Lucro Líquido das Pessoas Jurídicas";"2";"Primária discricionária, não PAC, considerada no cálculo do RP";"4";"Investimentos";0;293253594;273753594;33050163;1500000;1500000
2016;"55901";"Fundo Nacional de Assistência Social";"100";"Recursos Ordinários";"6";"Primária discricionária, decorrente de emendas individuais, considerada no cálculo do RP";"4";"Investimentos";0;80190031;77529140;62749766;13348750;13348750
2016;"64901";"Fundo Nacional para a Criança e o Adolescente - FNCA";"196";"Doações de Pessoas Físicas e Instituições Públicas e Privadas Nacionais";"2";"Primária discricionária, não PAC, considerada no cálculo do RP";"3";"Outras Despesas Correntes";14800766;0;0;0;0;0
2016;"52931";"Fundo Naval";"250";"Recursos Próprios Não-Financeiros";"1";"Primária obrigatória, considerada no cálculo do RP";"4";"Investimentos";8953683;8953683;8953683;8953379;5637733;5435217
2016;"52903";"Fundo do Serviço Militar";"175";"Taxas por Serviços Públicos";"2";"Primária discricionária, não PAC, considerada no cálculo do RP";"3";"Outras Despesas Correntes";1833693;1833693;1833693;1761155;1224102;1164861
2016;"30907";"Fundo Penitenciário Nacional - FUNPEN";"300";"Recursos Ordinários";"2";"Primária discricionária, não PAC, considerada no cálculo do RP";"4";"Investimentos";0;0;5e+05;0;0;0
2016;"62901";"Fundo Nacional de Aviação Civil - FNAC";"280";"Recursos Próprios Financeiros";"3";"Primária discricionária, PAC, considerada no cálculo do RP";"3";"Outras Despesas Correntes";42014311;36463017;36463017;36102207;28670458;28670458
2016;"73901";"Fundo Constitucional do Distrito Federal - FCDF";"188";"Remuneração das Disponibilidades do Tesouro Nacional";"2";"Primária discricionária, não PAC, considerada no cálculo do RP";"4";"Investimentos";0;441463;441463;0;0;0
2016;"39901";"Fundo da Marinha Mercante - FMM";"180";"Recursos Próprios Financeiros";"2";"Primária discricionária, não PAC, considerada no cálculo do RP";"3";"Outras Despesas Correntes";2.1e+07;20995680;20995680;10730834;9232852;9232852
2016;"26298";"Fundo Nacional de Desenvolvimento da Educação";"156";"Contribuição do Servidor para o Plano de Seguridade Social do Servidor Público";"1";"Primária obrigatória, considerada no cálculo do RP";"1";"Pessoal e Encargos Sociais";9742385;9742385;9742385;9651768;9651768;9651768
2016;"01901";"Fundo Rotativo da Câmara dos Deputados";"180";"Recursos Próprios Financeiros";"2";"Primária discricionária, não PAC, considerada no cálculo do RP";"3";"Outras Despesas Correntes";0;0;24701537;24073027;763393;763393
2016;"26298";"Fundo Nacional de Desenvolvimento da Educação";"112";"Recursos Destinados à Manutenção e Desenvolvimento do Ensino";"0";"Financeira";"9";"Reserva de Contingência";0;0;377349569;0;0;0
2016;"36901";"Fundo Nacional de Saúde";"144";"Títulos de Responsabilidade do Tesouro Nacional - Outras Aplicações";"0";"Financeira";"2";"Juros e Encargos da Dívida";1956000;1956000;1956000;0;0;0
2016;"52932";"Fundo de Desenvolvimento do Ensino Profissional Marítimo";"176";"Outras Contribuições Sociais";"0";"Financeira";"9";"Reserva de Contingência";25504766;25504766;25504766;0;0;0
2016;"30912";"Fundo Nacional Antidrogas";"139";"Alienação de Bens Apreendidos";"2";"Primária discricionária, não PAC, considerada no cálculo do RP";"4";"Investimentos";4100000;4100000;4100000;2674175;238485;182245
2016;"42902";"Fundo Nacional de Cultura";"150";"Recursos Próprios Não-Financeiros";"0";"Financeira";"9";"Reserva de Contingência";0;4650000;4650000;0;0;0
2016;"52921";"Fundo do Exército";"174";"Taxas e Multas pelo Exercício do Poder de Polícia e Multas Provenientes de Processos Judiciais";"2";"Primária discricionária, não PAC, considerada no cálculo do RP";"4";"Investimentos";3194195;3194195;10374195;10353286;3096539;3046970
2016;"01901";"Fundo Rotativo da Câmara dos Deputados";"150";"Recursos Próprios Não-Financeiros";"2";"Primária discricionária, não PAC, considerada no cálculo do RP";"3";"Outras Despesas Correntes";8084177;8084177;8084177;3640965;3035513;2867130
2016;"74905";"Recursos sob Supervisão do Fundo para o Desenv. Tecnol. das Telecomunicações/FUNTTEL - Min das Comunicações";"172";"Outras Contribuições Econômicas";"0";"Financeira";"5";"Inversões Financeiras";200515207;200515207;200515207;200515207;200515207;200515207
2016;"62901";"Fundo Nacional de Aviação Civil - FNAC";"280";"Recursos Próprios Financeiros";"0";"Financeira";"9";"Reserva de Contingência";297877203;303428497;157074839;0;0;0
2016;"62901";"Fundo Nacional de Aviação Civil - FNAC";"186";"Outras Receitas Vinculadas";"2";"Primária discricionária, não PAC, considerada no cálculo do RP";"4";"Investimentos";32435970;29874657;22380603;14688238;3144629;3142961
2016;"30907";"Fundo Penitenciário Nacional - FUNPEN";"386";"Outras Receitas Vinculadas";"2";"Primária discricionária, não PAC, considerada no cálculo do RP";"3";"Outras Despesas Correntes";0;0;187236;0;0;0
2016;"74901";"Recursos sob Supervisão do Fundo de Defesa da Economia Cafeeira/Funcafé - MAPA";"180";"Recursos Próprios Financeiros";"1";"Primária obrigatória, considerada no cálculo do RP";"3";"Outras Despesas Correntes";1.43e+08;1.43e+08;1.43e+08;142260567;94041500;94041500
2016;"52903";"Fundo do Serviço Militar";"174";"Taxas e Multas pelo Exercício do Poder de Polícia e Multas Provenientes de Processos Judiciais";"2";"Primária discricionária, não PAC, considerada no cálculo do RP";"3";"Outras Despesas Correntes";2577636;2577636;2577636;2349432;1614919;1509324
2016;"40901";"Fundo de Amparo ao Trabalhador";"388";"Remuneração das Disponibilidades do Tesouro Nacional";"1";"Primária obrigatória, considerada no cálculo do RP";"3";"Outras Despesas Correntes";0;0;94525871;94525871;94525871;94525871
2016;"52902";"Fundo de Administração do Hospital das Forças Armadas";"156";"Contribuição do Servidor para o Plano de Seguridade Social do Servidor Público";"1";"Primária obrigatória, considerada no cálculo do RP";"1";"Pessoal e Encargos Sociais";8348641;8348641;8348641;8348557;8348424;8348424
2016;"42902";"Fundo Nacional de Cultura";"130";"Contribuição para o Desenvolvimento da Indústria Cinematográfica Nacional";"0";"Financeira";"9";"Reserva de Contingência";0;4395069;4395069;0;0;0
2016;"24901";"Fundo Nacional de Desenvolvimento Científico e Tecnológico";"134";"Compensações Financeiras pela Utilização de Recursos Hídricos";"0";"Financeira";"9";"Reserva de Contingência";6060666;6060666;3366450;0;0;0
2016;"42902";"Fundo Nacional de Cultura";"100";"Recursos Ordinários";"6";"Primária discricionária, decorrente de emendas individuais, considerada no cálculo do RP";"4";"Investimentos";0;25396051;26666451;16811684;0;0
2016;"42902";"Fundo Nacional de Cultura";"130";"Contribuição para o Desenvolvimento da Indústria Cinematográfica Nacional";"2";"Primária discricionária, não PAC, considerada no cálculo do RP";"3";"Outras Despesas Correntes";23375601;18980532;17705945;17705945;3390300;3390300
2016;"52931";"Fundo Naval";"263";"Recursos Próprios Decorrentes da Alienação de Bens e Direitos do Patrimônio Público";"2";"Primária discricionária, não PAC, considerada no cálculo do RP";"4";"Investimentos";630846;630846;630846;630227;459522;443056
2016;"36901";"Fundo Nacional de Saúde";"380";"Recursos Próprios Financeiros";"1";"Primária obrigatória, considerada no cálculo do RP";"3";"Outras Despesas Correntes";0;0;15178000;15178000;15139381;15139381
2016;"62901";"Fundo Nacional de Aviação Civil - FNAC";"129";"Recursos de Concessões e Permissões";"3";"Primária discricionária, PAC, considerada no cálculo do RP";"5";"Inversões Financeiras";1117178226;909971032;761329755;761188213;719744119;719744119
2016;"38901";"Fundo de Amparo ao Trabalhador";"176";"Outras Contribuições Sociais";"2";"Primária discricionária, não PAC, considerada no cálculo do RP";"3";"Outras Despesas Correntes";374543663;0;0;0;0;0
2016;"71901";"Fundo Contingente da Extinta RFFSA - Recursos sob Supervisão do Ministério da Fazenda";"388";"Remuneração das Disponibilidades do Tesouro Nacional";"2";"Primária discricionária, não PAC, considerada no cálculo do RP";"3";"Outras Despesas Correntes";0;0;1200000;1200000;1200000;1200000
2016;"42902";"Fundo Nacional de Cultura";"130";"Contribuição para o Desenvolvimento da Indústria Cinematográfica Nacional";"0";"Financeira";"5";"Inversões Financeiras";542235550;542235550;542235550;542235550;0;0
2016;"71901";"Fundo Contingente da Extinta RFFSA - Recursos sob Supervisão do Ministério da Fazenda";"186";"Outras Receitas Vinculadas";"2";"Primária discricionária, não PAC, considerada no cálculo do RP";"3";"Outras Despesas Correntes";3e+06;3e+06;3e+06;3e+06;2918438;2918438
2016;"74918";"Recursos sob Supervisão do Fundo de Desenvolvimento do Nordeste/FDNE - Min Integração Nacional";"100";"Recursos Ordinários";"0";"Financeira";"5";"Inversões Financeiras";0;0;1594448592;1467878831;0;0
2016;"30911";"Fundo Nacional de Segurança Pública";"100";"Recursos Ordinários";"6";"Primária discricionária, decorrente de emendas individuais, considerada no cálculo do RP";"4";"Investimentos";0;60014835;63964987;35991434;0;0
2016;"52921";"Fundo do Exército";"250";"Recursos Próprios Não-Financeiros";"2";"Primária discricionária, não PAC, considerada no cálculo do RP";"3";"Outras Despesas Correntes";172444454;119766714;119766714;119695960;102565468;101431412
2016;"30907";"Fundo Penitenciário Nacional - FUNPEN";"150";"Recursos Próprios Não-Financeiros";"2";"Primária discricionária, não PAC, considerada no cálculo do RP";"4";"Investimentos";6700000;6700000;6700000;6700000;1710789;1710789
2016;"24901";"Fundo Nacional de Desenvolvimento Científico e Tecnológico";"134";"Compensações Financeiras pela Utilização de Recursos Hídricos";"2";"Primária discricionária, não PAC, considerada no cálculo do RP";"3";"Outras Despesas Correntes";218798;218798;1622859;1622859;1265932;893927
2016;"40901";"Fundo de Amparo ao Trabalhador";"151";"Contribuição Social sobre o Lucro Líquido das Pessoas Jurídicas";"1";"Primária obrigatória, considerada no cálculo do RP";"3";"Outras Despesas Correntes";0;0;6e+07;6e+07;6e+07;6e+07
2016;"71905";"Fundo de Garantia à Exportação - Recursos sob Supervisão do Ministério da Fazenda";"100";"Recursos Ordinários";"2";"Primária discricionária, não PAC, considerada no cálculo do RP";"3";"Outras Despesas Correntes";0;0;1500000;1500000;1500000;919167
2016;"22906";"Fundo de Defesa da Economia Cafeeira";"180";"Recursos Próprios Financeiros";"0";"Financeira";"9";"Reserva de Contingência";30227799;30827799;30827799;0;0;0
2016;"30907";"Fundo Penitenciário Nacional - FUNPEN";"100";"Recursos Ordinários";"2";"Primária discricionária, não PAC, considerada no cálculo do RP";"4";"Investimentos";0;8536210;8536210;8536210;0;0
2016;"26298";"Fundo Nacional de Desenvolvimento da Educação";"100";"Recursos Ordinários";"1";"Primária obrigatória, considerada no cálculo do RP";"3";"Outras Despesas Correntes";8811582079;11426463226;10993137281;10991901881;10623526154;10623526154
2016;"62901";"Fundo Nacional de Aviação Civil - FNAC";"129";"Recursos de Concessões e Permissões";"3";"Primária discricionária, PAC, considerada no cálculo do RP";"3";"Outras Despesas Correntes";0;0;2287619;2287619;0;0
2016;"26298";"Fundo Nacional de Desenvolvimento da Educação";"113";"Contribuição do Salário-Educação";"3";"Primária discricionária, PAC, considerada no cálculo do RP";"4";"Investimentos";0;0;1394756035;1376861837;454362857;443838447
2016;"52911";"Fundo Aeronáutico";"280";"Recursos Próprios Financeiros";"2";"Primária discricionária, não PAC, considerada no cálculo do RP";"4";"Investimentos";42697617;42697617;40442070;38223642;21613020;21556183
2016;"26298";"Fundo Nacional de Desenvolvimento da Educação";"100";"Recursos Ordinários";"6";"Primária discricionária, decorrente de emendas individuais, considerada no cálculo do RP";"4";"Investimentos";0;200110485;197561482;132488445;2899939;2899939
2016;"74917";"Recursos sob Supervisão do Fundo de Desenvolvimento da Amazônia/FDA - Min Integração Nacional";"280";"Recursos Próprios Financeiros";"0";"Financeira";"5";"Inversões Financeiras";544653367;544653367;544653367;0;0;0
2016;"30907";"Fundo Penitenciário Nacional - FUNPEN";"350";"Recursos Próprios Não-Financeiros";"2";"Primária discricionária, não PAC, considerada no cálculo do RP";"4";"Investimentos";0;0;62247000;62247000;62247000;49407000
2016;"30907";"Fundo Penitenciário Nacional - FUNPEN";"380";"Recursos Próprios Financeiros";"2";"Primária discricionária, não PAC, considerada no cálculo do RP";"3";"Outras Despesas Correntes";0;0;473578000;0;0;0
2016;"52911";"Fundo Aeronáutico";"250";"Recursos Próprios Não-Financeiros";"0";"Financeira";"9";"Reserva de Contingência";5350247;5350247;5350247;0;0;0
2016;"36901";"Fundo Nacional de Saúde";"300";"Recursos Ordinários";"6";"Primária discricionária, decorrente de emendas individuais, considerada no cálculo do RP";"4";"Investimentos";0;0;1010000;0;0;0
2016;"64901";"Fundo Nacional para a Criança e o Adolescente - FNCA";"100";"Recursos Ordinários";"2";"Primária discricionária, não PAC, considerada no cálculo do RP";"3";"Outras Despesas Correntes";6956059;0;0;0;0;0
2016;"14901";"Fundo Partidário";"174";"Taxas e Multas pelo Exercício do Poder de Polícia e Multas Provenientes de Processos Judiciais";"1";"Primária obrigatória, considerada no cálculo do RP";"3";"Outras Despesas Correntes";81241412;81241412;81241412;81241412;79768136;79768136
2016;"36901";"Fundo Nacional de Saúde";"142";"Compensações Financeiras pela Produção de Petróleo, Gás Natural e Outros Hidrocarbonetos Fluidos";"1";"Primária obrigatória, considerada no cálculo do RP";"3";"Outras Despesas Correntes";230555;230555;230555;230555;139555;139555
